inst#,actual,predicted,error
1,71,69.212,-1.788
2,74,69.018,-4.982
3,57,57.171,0.171
4,30,34.45,4.45
5,59,53.903,-5.097
6,73,71.675,-1.325
7,19,26.029,7.029
8,59,54.228,-4.772
9,68,63.898,-4.102
10,29,22.583,-6.417
11,72,71.6,-0.4
12,48,52.964,4.964
13,48,44.84,-3.16
14,73,71.766,-1.234
15,46,45.633,-0.367
16,31,38.347,7.347
17,73,71.646,-1.354
18,54,55.689,1.689
19,50,56.873,6.873
20,39,43.739,4.739
21,67,61.69,-5.31
22,56,61.59,5.59
23,62,54.723,-7.277
24,28,22.925,-5.075
25,75,70.505,-4.495
26,60,62.886,2.886
27,62,58.217,-3.783
28,15,18.039,3.039
29,24,27.578,3.578
30,16,21.854,5.854
31,70,66.516,-3.484
32,27,29.956,2.956
33,26,29.716,3.716
34,66,68.34,2.34
35,64,67.734,3.734
36,31,31.384,0.384
37,39,38.655,-0.345
38,6,17.386,11.386
39,32,21.952,-10.048
40,68,67.187,-0.813
41,55,60.63,5.63
42,56,58.121,2.121
43,45,44.903,-0.097
44,34,22.925,-11.075
45,71,70.835,-0.165
46,36,31.752,-4.248
47,53,57.101,4.101
48,50,41.505,-8.495
49,47,47.591,0.591
50,56,48.293,-7.707
51,20,25.102,5.102
52,36,43.935,7.935
53,38,39.526,1.526
54,50,54.228,4.228
55,54,51.192,-2.808
56,72,68.085,-3.915
57,38,49.262,11.262
58,62,62.387,0.387
59,34,35.646,1.646
60,22,31.369,9.369
61,20,22.254,2.254
62,26,29.258,3.258
63,27,27.729,0.729
64,69,71.213,2.213
65,70,70.686,0.686
66,56,55.419,-0.581
67,32,33.833,1.833
68,29,26.148,-2.852
69,31,25.776,-5.224
70,49,49.575,0.575
71,65,66.034,1.034
72,52,59.6,7.6
73,67,68.988,1.988
74,39,40.131,1.131
75,54,52.693,-1.307
76,27,26.213,-0.787
77,64,65.844,1.844
78,28,23.215,-4.785
79,53,53.405,0.405
80,43,50.254,7.254
81,48,47.388,-0.612
82,12,20.07,8.07
83,36,34.779,-1.221
84,76,72.02,-3.98
85,14,19.217,5.217
86,71,70.345,-0.655
87,60,61.182,1.182
88,69,69.495,0.495
89,47,50.885,3.885
90,67,68.274,1.274
91,41,43.547,2.547
92,74,68.352,-5.648
93,63,59.615,-3.385
94,8,12.273,4.273
95,45,42.218,-2.782
96,31,35.25,4.25
97,30,28.085,-1.915
98,17,12.827,-4.173
99,28,35.268,7.268
100,63,64.904,1.904
101,64,65.302,1.302
102,23,26.366,3.366
103,73,71.031,-1.969
104,70,66.854,-3.146
105,64,65.624,1.624
106,6,16.971,10.971
107,64,68.421,4.421
108,64,62.31,-1.69
109,26,26.688,0.688
110,35,30.732,-4.268
111,63,67.198,4.198
112,64,63.321,-0.679
113,67,64.764,-2.236
114,71,61.792,-9.208
115,71,68.21,-2.79
116,72,71.926,-0.074
117,70,70.153,0.153
118,33,30.954,-2.046
119,45,43.77,-1.23
120,26,23.159,-2.841
121,47,42.585,-4.415
122,65,63.69,-1.31
123,63,62.015,-0.985
124,57,60.655,3.655
125,68,70.25,2.25
126,74,72.086,-1.914
127,16,15.079,-0.921
128,15,25.368,10.368
129,22,25.136,3.136
130,34,32.025,-1.975
131,19,23.617,4.617
132,20,34.581,14.581
133,41,37.152,-3.848
134,34,36.445,2.445
135,47,52.966,5.966
136,35,39.524,4.524
137,46,49.958,3.958
138,36,34.628,-1.372
139,58,49.863,-8.137
140,37,40.12,3.12
141,72,71.831,-0.169
142,55,53.174,-1.826
143,53,50.205,-2.795
144,61,60.47,-0.53
145,64,68.256,4.256
146,70,71.923,1.923
147,42,42.805,0.805
148,70,70.661,0.661
149,41,41.084,0.084
150,67,69.34,2.34
151,10,13.109,3.109
152,62,62.012,0.012
153,16,18.871,2.871
154,43,44.942,1.942
155,65,66.084,1.084
156,71,70.058,-0.942
157,33,32.365,-0.635
158,35,28.727,-6.273
159,70,65.394,-4.606
160,45,44.436,-0.564
161,66,66.943,0.943
162,69,70.302,1.302
163,42,43.333,1.333
164,28,33.005,5.005
165,22,21.2,-0.8
166,43,39.087,-3.913
167,69,70.511,1.511
168,46,39.411,-6.589
169,50,55.261,5.261
170,34,27.184,-6.816
171,74,70.934,-3.066
172,49,49.628,0.628
173,65,66.633,1.633
174,53,60.155,7.155
175,70,61.261,-8.739
176,69,67.223,-1.777
177,53,49.446,-3.554
178,32,37.736,5.736
179,69,70.686,1.686
180,47,45.523,-1.477
181,28,28.777,0.777
182,60,59.09,-0.91
183,48,45.058,-2.942
184,66,67.035,1.035
185,62,63.688,1.688
186,64,64.657,0.657
187,45,34.016,-10.984
188,76,72.163,-3.837
189,56,54.085,-1.915
190,43,41.227,-1.773
191,48,49.937,1.937
192,36,32.584,-3.416
193,17,21.349,4.349
194,30,25.186,-4.814
195,70,66.167,-3.833
196,10,18.655,8.655
197,71,70.256,-0.744
198,53,60.734,7.734
199,44,53.681,9.681
200,68,65.748,-2.252
201,45,41.361,-3.639
202,51,52.62,1.62
203,65,52.46,-12.54
204,65,60.042,-4.958
205,4,13.961,9.961
206,33,30.969,-2.031
207,69,70.168,1.168
208,63,51.198,-11.802
209,67,65.119,-1.881
210,17,26.529,9.529
211,35,45.648,10.648
212,39,48.393,9.393
213,78,72.369,-5.631
214,37,40.409,3.409
215,23,23.012,0.012
216,66,54.35,-11.65
217,57,61.423,4.423
218,45,42.597,-2.403
219,29,28.791,-0.209
220,45,46.925,1.925
221,20,24.065,4.065
222,69,65.569,-3.431
223,63,63.015,0.015
224,64,65.389,1.389
225,30,34.222,4.222
226,23,23.551,0.551
227,50,61.329,11.329
228,74,72.032,-1.968
229,57,63.724,6.724
230,50,51.882,1.882
231,52,41.496,-10.504
232,58,63.756,5.756
233,28,32.214,4.214
234,63,56.49,-6.51
235,50,46.769,-3.231
236,44,45.532,1.532
237,65,67.067,2.067
238,55,51.873,-3.127
239,56,57.579,1.579
240,32,39.942,7.942
241,65,60.194,-4.806
242,16,15.551,-0.449
243,50,52.77,2.77
244,65,63.972,-1.028
245,35,44.696,9.696
246,71,70.404,-0.596
247,67,66.764,-0.236
248,41,32.571,-8.429
249,38,38.163,0.163
250,39,35.512,-3.488
251,27,20.207,-6.793
252,44,47.057,3.057
253,60,60.543,0.543
254,48,44.013,-3.987
255,68,65.18,-2.82
256,44,50.864,6.864
257,44,43.46,-0.54
258,32,39.281,7.281
259,24,27.074,3.074
260,44,45.383,1.383
261,48,45.486,-2.514
262,56,49.512,-6.488
263,64,63.662,-0.338
264,35,25.143,-9.857
265,29,36.17,7.17
266,44,39.53,-4.47
267,19,22.658,3.658
268,42,40.368,-1.632
269,56,59.873,3.873
270,29,36.387,7.387
271,18,24.783,6.783
272,43,44.145,1.145
273,30,33.124,3.124
274,27,30.887,3.887
275,67,65.741,-1.259
276,0,13.771,13.771
277,61,58.066,-2.934
278,51,51.109,0.109
279,62,62.231,0.231
280,66,64.564,-1.436
281,74,68.352,-5.648
282,21,19.731,-1.269
283,48,44.197,-3.803
284,36,32.582,-3.418
285,43,41.811,-1.189
286,69,66.166,-2.834
287,42,44.732,2.732
288,53,60.66,7.66
289,44,45.484,1.484
290,41,42.585,1.585
291,47,51.841,4.841
292,26,29.541,3.541
293,64,62.836,-1.164
294,49,46.158,-2.842
295,66,58.433,-7.567
296,16,23.009,7.009
297,31,37.164,6.164
298,41,41.929,0.929
299,49,46.714,-2.286
300,37,34.242,-2.758
301,65,64.511,-0.489
302,55,54.678,-0.322
303,64,62.004,-1.996
304,36,42.98,6.98
305,23,28.571,5.571
306,50,50.438,0.438
307,51,44.977,-6.023
308,15,22.02,7.02
309,74,72.224,-1.776
310,18,14.799,-3.201
311,21,27.049,6.049
312,35,36.983,1.983
313,29,19.381,-9.619
314,44,43.647,-0.353
315,42,50.991,8.991
316,-2,11.62,13.62
317,71,71.062,0.062
318,72,64.165,-7.835
319,74,67.679,-6.321
320,45,47.326,2.326
321,72,68.606,-3.394
322,61,60.371,-0.629
323,70,70.245,0.245
324,21,16.207,-4.793
325,63,65.012,2.012
326,32,26.31,-5.69
327,67,66.03,-0.97
328,59,48.965,-10.035
329,54,58.612,4.612
330,41,32.038,-8.962
331,22,25.305,3.305
332,64,61.502,-2.498
333,60,62.002,2.002
334,34,36.473,2.473
335,36,41.291,5.291
336,41,37.188,-3.812
337,30,24.703,-5.297
338,58,55.163,-2.837
339,37,37.088,0.088
340,42,40.961,-1.039
341,67,66.708,-0.292
342,23,24.337,1.337
343,19,25.143,6.143
344,33,40.083,7.083
345,59,59.651,0.651
346,43,43.007,0.007
347,52,52.259,0.259
348,16,20.402,4.402
349,57,62.015,5.015
350,58,51.43,-6.57
351,19,27.252,8.252
352,56,44.753,-11.247
353,45,41.86,-3.14
354,68,70.737,2.737
355,36,33.374,-2.626
356,50,48.893,-1.107
357,10,17.281,7.281
358,37,33.234,-3.766
359,65,65.425,0.425
360,73,69.472,-3.528
361,55,49.581,-5.419
362,52,52.966,0.966
363,46,32.479,-13.521
364,54,38.852,-15.148
365,49,46.917,-2.083
366,42,46.466,4.466
367,62,65.227,3.227
368,58,59.854,1.854
369,76,70.976,-5.024
370,48,45.401,-2.599
371,41,37.227,-3.773
372,32,29.001,-2.999
