inst#,actual,predicted,error
1,71,69.375,-1.625
2,74,72.333,-1.667
3,57,55.842,-1.158
4,30,33.545,3.545
5,59,55.842,-3.158
6,73,74.071,1.071
7,19,25.879,6.879
8,59,58.413,-0.587
9,68,65,-3
10,29,24.034,-4.966
11,72,74.071,2.071
12,48,53.333,5.333
13,48,44.885,-3.115
14,73,74.071,1.071
15,46,44.885,-1.115
16,31,35.538,4.538
17,73,74.071,1.071
18,54,55.842,1.842
19,50,58.413,8.413
20,39,44.885,5.885
21,67,58.413,-8.587
22,56,58.413,2.413
23,62,55.842,-6.158
24,28,19.2,-8.8
25,75,74.071,-0.929
26,60,65,5
27,62,55.842,-6.158
28,15,19.2,4.2
29,24,32.875,8.875
30,16,24.034,8.034
31,70,66.813,-3.188
32,27,25.879,-1.121
33,26,25.879,-0.121
34,66,69.375,3.375
35,64,66.813,2.813
36,31,34.917,3.917
37,39,40.833,1.833
38,6,19.2,13.2
39,32,24.034,-7.966
40,68,68.833,0.833
41,55,58.413,3.413
42,56,58.413,2.413
43,45,41.833,-3.167
44,34,19.2,-14.8
45,71,72,1
46,36,34.9,-1.1
47,53,58.413,5.413
48,50,44.885,-5.115
49,47,47.667,0.667
50,56,55.6,-0.4
51,20,25.879,5.879
52,36,44.885,8.885
53,38,35.538,-2.462
54,50,58.413,8.413
55,54,51.5,-2.5
56,72,68.833,-3.167
57,38,44.885,6.885
58,62,61.6,-0.4
59,34,34.9,0.9
60,22,33,11
61,20,19.2,-0.8
62,26,34.333,8.333
63,27,24.034,-2.966
64,69,67.75,-1.25
65,70,69.375,-0.625
66,56,58.413,2.413
67,32,25.879,-6.121
68,29,25.879,-3.121
69,31,25.879,-5.121
70,49,55.6,6.6
71,65,66.813,1.813
72,52,58.413,6.413
73,67,69.375,2.375
74,39,44.885,5.885
75,54,51.5,-2.5
76,27,32.875,5.875
77,64,66.813,2.813
78,28,24.034,-3.966
79,53,58.413,5.413
80,43,58.413,15.413
81,48,44.885,-3.115
82,12,19.2,7.2
83,36,34.917,-1.083
84,76,74.071,-1.929
85,14,19.2,5.2
86,71,70.333,-0.667
87,60,61.6,1.6
88,69,72.333,3.333
89,47,49,2
90,67,66.813,-0.188
91,41,47,6
92,74,74.071,0.071
93,63,58.413,-4.587
94,8,7.2,-0.8
95,45,40.833,-4.167
96,31,34.786,3.786
97,30,34.333,4.333
98,17,7.2,-9.8
99,28,34.9,6.9
100,63,65,2
101,64,66.813,2.813
102,23,19.2,-3.8
103,73,69,-4
104,70,66.813,-3.188
105,64,66.813,2.813
106,6,11.6,5.6
107,64,66.813,2.813
108,64,65,1
109,26,24.034,-1.966
110,35,34.333,-0.667
111,63,66.813,3.813
112,64,65,1
113,67,65,-2
114,71,58.413,-12.587
115,71,66.813,-4.188
116,72,74.071,2.071
117,70,72.5,2.5
118,33,33,0
119,45,44.885,-0.115
120,26,19.2,-6.8
121,47,44.885,-2.115
122,65,61.6,-3.4
123,63,65,2
124,57,58.413,1.413
125,68,71.5,3.5
126,74,74.071,0.071
127,16,19.2,3.2
128,15,25.879,10.879
129,22,24.034,2.034
130,34,26.714,-7.286
131,19,24.034,5.034
132,20,40.5,20.5
133,41,33.545,-7.455
134,34,36,2
135,47,55.842,8.842
136,35,41.087,6.087
137,46,55.6,9.6
138,36,46,10
139,58,46.333,-11.667
140,37,40.75,3.75
141,72,74.071,2.071
142,55,53.333,-1.667
143,53,49.636,-3.364
144,61,58.413,-2.587
145,64,66.813,2.813
146,70,74.071,4.071
147,42,41.833,-0.167
148,70,69,-1
149,41,44,3
150,67,66.813,-0.188
151,10,11.6,1.6
152,62,58.413,-3.587
153,16,19.2,3.2
154,43,44.885,1.885
155,65,66.813,1.813
156,71,69.375,-1.625
157,33,34.9,1.9
158,35,24.034,-10.966
159,70,66.813,-3.188
160,45,44.885,-0.115
161,66,66.813,0.813
162,69,69,0
163,42,44.885,2.885
164,28,25.879,-2.121
165,22,19.2,-2.8
166,43,41.087,-1.913
167,69,67.75,-1.25
168,46,41.087,-4.913
169,50,58.413,8.413
170,34,32.875,-1.125
171,74,70.333,-3.667
172,49,51.5,2.5
173,65,66.813,1.813
174,53,58.413,5.413
175,70,58.413,-11.587
176,69,64,-5
177,53,41.087,-11.913
178,32,40.833,8.833
179,69,72,3
180,47,44.885,-2.115
181,28,25.879,-2.121
182,60,58,-2
183,48,44.885,-3.115
184,66,68.833,2.833
185,62,65,3
186,64,66.813,2.813
187,45,40.5,-4.5
188,76,74.071,-1.929
189,56,51.5,-4.5
190,43,44.885,1.885
191,48,55.6,7.6
192,36,29.333,-6.667
193,17,19.2,2.2
194,30,25.879,-4.121
195,70,66.813,-3.188
196,10,7.2,-2.8
197,71,71.5,0.5
198,53,58.413,5.413
199,44,55.5,11.5
200,68,64,-4
201,45,41.087,-3.913
202,51,49.636,-1.364
203,65,55.5,-9.5
204,65,58.413,-6.587
205,4,7.2,3.2
206,33,34.333,1.333
207,69,72.5,3.5
208,63,51.5,-11.5
209,67,64,-3
210,17,24.034,7.034
211,35,44.885,9.885
212,39,44.885,5.885
213,78,74.071,-3.929
214,37,41.087,4.087
215,23,19.2,-3.8
216,66,55.842,-10.158
217,57,61.6,4.6
218,45,44.885,-0.115
219,29,34.333,5.333
220,45,44.885,-0.115
221,20,19.2,-0.8
222,69,66.813,-2.188
223,63,65,2
224,64,65,1
225,30,26.714,-3.286
226,23,24.034,1.034
227,50,55.5,5.5
228,74,74.071,0.071
229,57,65,8
230,50,49.636,-0.364
231,52,47,-5
232,58,61.6,3.6
233,28,34.333,6.333
234,63,51.5,-11.5
235,50,47.667,-2.333
236,44,44.885,0.885
237,65,68.833,3.833
238,55,53.333,-1.667
239,56,55.842,-0.158
240,32,35.538,3.538
241,65,58.413,-6.587
242,16,11.6,-4.4
243,50,51.5,1.5
244,65,66.813,1.813
245,35,44.885,9.885
246,71,71.5,0.5
247,67,66.813,-0.188
248,41,32.875,-8.125
249,38,36,-2
250,39,35.538,-3.462
251,27,19.2,-7.8
252,44,47.667,3.667
253,60,58.413,-1.587
254,48,44.885,-3.115
255,68,66.813,-1.188
256,44,55.6,11.6
257,44,41.833,-2.167
258,32,41.087,9.087
259,24,24.034,0.034
260,44,47.667,3.667
261,48,44.885,-3.115
262,56,47.667,-8.333
263,64,66.813,2.813
264,35,24.034,-10.966
265,29,40.25,11.25
266,44,40.833,-3.167
267,19,24.034,5.034
268,42,40.833,-1.167
269,56,58.413,2.413
270,29,34.786,5.786
271,18,24.034,6.034
272,43,44.885,1.885
273,30,34.917,4.917
274,27,25.879,-1.121
275,67,65,-2
276,0,7.2,7.2
277,61,55.842,-5.158
278,51,49.636,-1.364
279,62,61.6,-0.4
280,66,66.813,0.813
281,74,69.833,-4.167
282,21,11.6,-9.4
283,48,44.885,-3.115
284,36,34.917,-1.083
285,43,44.885,1.885
286,69,65,-4
287,42,44.885,2.885
288,53,58.413,5.413
289,44,44.885,0.885
290,41,44.885,3.885
291,47,58.413,11.413
292,26,24.034,-1.966
293,64,65,1
294,49,44.885,-4.115
295,66,58.413,-7.587
296,16,25.879,9.879
297,31,33.545,2.545
298,41,41.087,0.087
299,49,47.667,-1.333
300,37,34.9,-2.1
301,65,66.813,1.813
302,55,55.842,0.842
303,64,61.6,-2.4
304,36,44.885,8.885
305,23,25.879,2.879
306,50,49,-1
307,51,44.885,-6.115
308,15,19.2,4.2
309,74,74.071,0.071
310,18,19.2,1.2
311,21,25.879,4.879
312,35,34.9,-0.1
313,29,19.2,-9.8
314,44,44.885,0.885
315,42,51.5,9.5
316,-2,7.2,9.2
317,71,70.333,-0.667
318,72,58.413,-13.587
319,74,65,-9
320,45,44.885,-0.115
321,72,66.813,-5.188
322,61,58.413,-2.587
323,70,72.5,2.5
324,21,11.6,-9.4
325,63,65,2
326,32,25.879,-6.121
327,67,66.813,-0.188
328,59,47,-12
329,54,58.413,4.413
330,41,34.917,-6.083
331,22,25.879,3.879
332,64,58.413,-5.587
333,60,61.6,1.6
334,34,36,2
335,36,40.833,4.833
336,41,40.833,-0.167
337,30,19.2,-10.8
338,58,55.842,-2.158
339,37,36,-1
340,42,41.833,-0.167
341,67,66.813,-0.188
342,23,25.879,2.879
343,19,24.034,5.034
344,33,44,11
345,59,58.413,-0.587
346,43,44.885,1.885
347,52,51.5,-0.5
348,16,19.2,3.2
349,57,65,8
350,58,44.885,-13.115
351,19,25.879,6.879
352,56,44.885,-11.115
353,45,44.885,-0.115
354,68,67.75,-0.25
355,36,33.545,-2.455
356,50,50.333,0.333
357,10,19.2,9.2
358,37,34.9,-2.1
359,65,66.813,1.813
360,73,69.833,-3.167
361,55,50.333,-4.667
362,52,55.842,3.842
363,46,34.917,-11.083
364,54,40.25,-13.75
365,49,44.885,-4.115
366,42,44.885,2.885
367,62,66.813,4.813
368,58,58.413,0.413
369,76,74.071,-1.929
370,48,44.885,-3.115
371,41,34.917,-6.083
372,32,25.879,-6.121
