inst#,actual,predicted,error
1,71,70.005,-0.995
2,74,69.598,-4.402
3,57,56.458,-0.542
4,30,34.319,4.319
5,59,53.604,-5.396
6,73,74.668,1.668
7,19,27.764,8.764
8,59,52.279,-6.721
9,68,63.541,-4.459
10,29,22.702,-6.298
11,72,74.464,2.464
12,48,51.008,3.008
13,48,42.788,-5.212
14,73,74.601,1.601
15,46,44.915,-1.085
16,31,37.55,6.55
17,73,73.541,0.541
18,54,54.578,0.578
19,50,53.642,3.642
20,39,43.219,4.219
21,67,61.203,-5.797
22,56,61.744,5.744
23,62,53.967,-8.033
24,28,24.283,-3.717
25,75,72.205,-2.795
26,60,62.954,2.954
27,62,57.476,-4.524
28,15,16.099,1.099
29,24,28.167,4.167
30,16,22.627,6.627
31,70,66.112,-3.888
32,27,30.622,3.622
33,26,30.305,4.305
34,66,68.611,2.611
35,64,67.891,3.891
36,31,30.338,-0.662
37,39,38.504,-0.496
38,6,15.881,9.881
39,32,22.294,-9.706
40,68,66.974,-1.026
41,55,60.268,5.268
42,56,54.994,-1.006
43,45,45.95,0.95
44,34,24.283,-9.717
45,71,72.762,1.762
46,36,31.937,-4.063
47,53,54.304,1.304
48,50,38.927,-11.073
49,47,46.202,-0.798
50,56,46.876,-9.124
51,20,25.838,5.838
52,36,41.884,5.884
53,38,38.881,0.881
54,50,52.279,2.279
55,54,49.937,-4.063
56,72,68.039,-3.961
57,38,46.716,8.716
58,62,61.234,-0.766
59,34,34.619,0.619
60,22,30.434,8.434
61,20,23.613,3.613
62,26,30.148,4.148
63,27,20.362,-6.638
64,69,74.704,5.704
65,70,72.895,2.895
66,56,54.979,-1.021
67,32,32.875,0.875
68,29,27.24,-1.76
69,31,25.917,-5.083
70,49,47.686,-1.314
71,65,66.897,1.897
72,52,58.333,6.333
73,67,69.011,2.011
74,39,39.355,0.355
75,54,52.916,-1.084
76,27,27.627,0.627
77,64,66.826,2.826
78,28,22.439,-5.561
79,53,51.168,-1.832
80,43,48.848,5.848
81,48,45.686,-2.314
82,12,19.13,7.13
83,36,33.798,-2.202
84,76,76.431,0.431
85,14,16.147,2.147
86,71,71.007,0.007
87,60,61.191,1.191
88,69,68.932,-0.068
89,47,49.018,2.018
90,67,66.869,-0.131
91,41,42.931,1.931
92,74,69.761,-4.239
93,63,52.989,-10.011
94,8,7.725,-0.275
95,45,41.832,-3.168
96,31,34.014,3.014
97,30,28.93,-1.07
98,17,9.068,-7.932
99,28,34.369,6.369
100,63,65.092,2.092
101,64,66.29,2.29
102,23,27.274,4.274
103,73,72.26,-0.74
104,70,66.403,-3.597
105,64,65.056,1.056
106,6,14.396,8.396
107,64,69.235,5.235
108,64,62.625,-1.375
109,26,26.977,0.977
110,35,31.154,-3.846
111,63,67.829,4.829
112,64,63.329,-0.671
113,67,64.198,-2.802
114,71,58.041,-12.959
115,71,67.323,-3.677
116,72,73.944,1.944
117,70,70.624,0.624
118,33,30.614,-2.386
119,45,42.612,-2.388
120,26,24.341,-1.659
121,47,40.853,-6.147
122,65,62.287,-2.713
123,63,61.936,-1.064
124,57,61.278,4.278
125,68,70.318,2.318
126,74,74.884,0.884
127,16,13.519,-2.481
128,15,24.977,9.977
129,22,25.689,3.689
130,34,33.262,-0.738
131,19,24.565,5.565
132,20,31.116,11.116
133,41,36.656,-4.344
134,34,36.188,2.188
135,47,51.155,4.155
136,35,38.486,3.486
137,46,47.62,1.62
138,36,33.292,-2.708
139,58,48.227,-9.773
140,37,38.82,1.82
141,72,74.626,2.626
142,55,52.049,-2.951
143,53,48.368,-4.632
144,61,59.536,-1.464
145,64,70.249,6.249
146,70,74.019,4.019
147,42,43.088,1.088
148,70,72.496,2.496
149,41,40.093,-0.907
150,67,69.692,2.692
151,10,10.762,0.762
152,62,58.816,-3.184
153,16,17.682,1.682
154,43,43.901,0.901
155,65,65.929,0.929
156,71,71.14,0.14
157,33,32.423,-0.577
158,35,28.083,-6.917
159,70,65.023,-4.977
160,45,41.926,-3.074
161,66,66.943,0.943
162,69,70.663,1.663
163,42,40.736,-1.264
164,28,33.066,5.066
165,22,21.804,-0.196
166,43,39.928,-3.072
167,69,72.837,3.837
168,46,39.849,-6.151
169,50,52.057,2.057
170,34,27.286,-6.714
171,74,71.661,-2.339
172,49,49.369,0.369
173,65,66.328,1.328
174,53,58.255,5.255
175,70,58.874,-11.126
176,69,68.21,-0.79
177,53,45.422,-7.578
178,32,37.122,5.122
179,69,71.489,2.489
180,47,44.189,-2.811
181,28,28.797,0.797
182,60,58.402,-1.598
183,48,44.284,-3.716
184,66,67.232,1.232
185,62,64.168,2.168
186,64,64.628,0.628
187,45,30.783,-14.217
188,76,75.941,-0.059
189,56,53.723,-2.277
190,43,39.958,-3.042
191,48,47.553,-0.447
192,36,31.957,-4.043
193,17,21.201,4.201
194,30,25.85,-4.15
195,70,65.909,-4.091
196,10,14.55,4.55
197,71,69.989,-1.011
198,53,60.03,7.03
199,44,50.052,6.052
200,68,65.685,-2.315
201,45,38.599,-6.401
202,51,50.835,-0.165
203,65,49.536,-15.464
204,65,58.426,-6.574
205,4,10.411,6.411
206,33,31.358,-1.642
207,69,70.757,1.757
208,63,49.3,-13.7
209,67,64.541,-2.459
210,17,25.82,8.82
211,35,43.387,8.387
212,39,46.638,7.638
213,78,80.362,2.362
214,37,39.018,2.018
215,23,23.922,0.922
216,66,53.231,-12.769
217,57,59.985,2.985
218,45,40.861,-4.139
219,29,28.315,-0.685
220,45,45.212,0.212
221,20,25.348,5.348
222,69,65.102,-3.898
223,63,63.158,0.158
224,64,65.957,1.957
225,30,34.589,4.589
226,23,23.375,0.375
227,50,50.978,0.978
228,74,75.824,1.824
229,57,63.682,6.682
230,50,50.71,0.71
231,52,41.329,-10.671
232,58,62.972,4.972
233,28,32.181,4.181
234,63,55.274,-7.726
235,50,45.654,-4.346
236,44,43.931,-0.069
237,65,67.639,2.639
238,55,50.06,-4.94
239,56,56.944,0.944
240,32,39.296,7.296
241,65,60.193,-4.807
242,16,12.682,-3.318
243,50,51.805,1.805
244,65,64.065,-0.935
245,35,42.134,7.134
246,71,70.588,-0.412
247,67,66.653,-0.347
248,41,31.552,-9.448
249,38,38.143,0.143
250,39,34.966,-4.034
251,27,17.294,-9.706
252,44,46.061,2.061
253,60,60.272,0.272
254,48,42.146,-5.854
255,68,65.318,-2.682
256,44,48.618,4.618
257,44,43.961,-0.039
258,32,37.796,5.796
259,24,27.58,3.58
260,44,45.301,1.301
261,48,44.566,-3.434
262,56,48.257,-7.743
263,64,63.862,-0.138
264,35,26.038,-8.962
265,29,34.633,5.633
266,44,38.986,-5.014
267,19,22.435,3.435
268,42,39.044,-2.956
269,56,59.164,3.164
270,29,34.414,5.414
271,18,25.755,7.755
272,43,42.122,-0.878
273,30,33.333,3.333
274,27,31.241,4.241
275,67,66.847,-0.153
276,0,8.947,8.947
277,61,56.732,-4.268
278,51,49.358,-1.642
279,62,61.708,-0.292
280,66,64.017,-1.983
281,74,69.848,-4.152
282,21,16.03,-4.97
283,48,40.47,-7.53
284,36,33.129,-2.871
285,43,39.139,-3.861
286,69,64.864,-4.136
287,42,41.535,-0.465
288,53,60.604,7.604
289,44,44.209,0.209
290,41,40.853,-0.147
291,47,49.766,2.766
292,26,28.889,2.889
293,64,63.009,-0.991
294,49,44.558,-4.442
295,66,54.957,-11.043
296,16,21.762,5.762
297,31,36.985,5.985
298,41,42.386,1.386
299,49,46.103,-2.897
300,37,33.77,-3.23
301,65,64.481,-0.519
302,55,53.999,-1.001
303,64,60.85,-3.15
304,36,42.519,6.519
305,23,29.569,6.569
306,50,47.953,-2.047
307,51,43.054,-7.946
308,15,22.799,7.799
309,74,76.344,2.344
310,18,12.771,-5.229
311,21,27.514,6.514
312,35,35.563,0.563
313,29,18.942,-10.058
314,44,42.981,-1.019
315,42,48.971,6.971
316,-2,4.377,6.377
317,71,72.272,1.272
318,72,63.765,-8.235
319,74,67.421,-6.579
320,45,45.498,0.498
321,72,67.867,-4.133
322,61,59.947,-1.053
323,70,70.55,0.55
324,21,12.42,-8.58
325,63,64.061,1.061
326,32,26.953,-5.047
327,67,65.917,-1.083
328,59,47.19,-11.81
329,54,55.706,1.706
330,41,31.943,-9.057
331,22,26.221,4.221
332,64,59.074,-4.926
333,60,61.653,1.653
334,34,35.805,1.805
335,36,40.109,4.109
336,41,36.919,-4.081
337,30,26.201,-3.799
338,58,55.119,-2.881
339,37,37.09,0.09
340,42,42.41,0.41
341,67,66.869,-0.131
342,23,25.564,2.564
343,19,26.038,7.038
344,33,38.695,5.695
345,59,57.507,-1.493
346,43,42.283,-0.717
347,52,50.732,-1.268
348,16,20.536,4.536
349,57,61.936,4.936
350,58,48.493,-9.507
351,19,27.847,8.847
352,56,44.084,-11.916
353,45,40.898,-4.102
354,68,74.376,6.376
355,36,33.52,-2.48
356,50,47.511,-2.489
357,10,13.949,3.949
358,37,33.284,-3.716
359,65,65.683,0.683
360,73,70.247,-2.753
361,55,47.707,-7.293
362,52,51.155,-0.845
363,46,32.334,-13.666
364,54,36.039,-17.961
365,49,45.807,-3.193
366,42,44.966,2.966
367,62,64.902,2.902
368,58,58.467,0.467
369,76,71.994,-4.006
370,48,43.465,-4.535
371,41,29.289,-11.711
372,32,29.275,-2.725
