inst#,actual,predicted,error
1,86,84.819,-1.181
2,84,85.155,1.155
3,77,72.837,-4.163
4,50,49.434,-0.566
5,79,70.128,-8.872
6,87,87.771,0.771
7,42,43.862,1.862
8,64,73.148,9.148
9,84,83.016,-0.984
10,41,41.546,0.546
11,86,87.588,1.588
12,79,66.254,-12.746
13,54,62.788,8.788
14,87,87.404,0.404
15,70,64.701,-5.299
16,59,55.257,-3.743
17,88,87.222,-0.778
18,73,70.368,-2.632
19,72,70.114,-1.886
20,62,54.252,-7.748
21,82,82.801,0.801
22,84,79.492,-4.508
23,70,73.566,3.566
24,37,43.777,6.777
25,87,86.5,-0.5
26,87,77.004,-9.996
27,82,74.958,-7.042
28,21,35.277,14.277
29,43,42.447,-0.553
30,39,40.324,1.324
31,78,85.65,7.65
32,41,47.343,6.343
33,45,45.699,0.699
34,87,82.622,-4.378
35,90,84.834,-5.166
36,53,48.849,-4.151
37,48,53.882,5.882
38,33,32.925,-0.075
39,39,42.614,3.614
40,77,84.84,7.84
41,81,79.697,-1.303
42,77,72.282,-4.718
43,46,61.08,15.08
44,37,44.313,7.313
45,93,86.714,-6.286
46,37,52.969,15.969
47,71,70.577,-0.423
48,54,59.413,5.413
49,59,61.669,2.669
50,61,68.642,7.642
51,43,43.115,0.115
52,61,57.756,-3.244
53,59,60.445,1.445
54,64,68.555,4.555
55,61,69.345,8.345
56,77,85.646,8.646
57,71,61.936,-9.064
58,73,80.067,7.067
59,42,50.754,8.754
60,44,49.161,5.161
61,36,40.533,4.533
62,39,46.095,7.095
63,55,38.863,-16.137
64,96,87.705,-8.295
65,93,85.689,-7.311
66,57,72.463,15.463
67,55,47.437,-7.563
68,44,46.019,2.019
69,46,44.864,-1.136
70,64,66.253,2.253
71,91,81.979,-9.021
72,80,74.592,-5.408
73,87,84.571,-2.429
74,61,53.518,-7.482
75,57,69.876,12.876
76,41,45.753,4.753
77,90,81.168,-8.832
78,42,40.289,-1.711
79,69,70.476,1.476
80,55,63.965,8.965
81,63,63.409,0.409
82,30,37.701,7.701
83,53,53.458,0.458
84,95,87.835,-7.165
85,33,36.203,3.203
86,87,86.529,-0.471
87,79,78.215,-0.785
88,84,85.217,1.217
89,64,65.684,1.684
90,84,86.145,2.145
91,73,54.928,-18.072
92,75,86.511,11.511
93,75,78.67,3.67
94,24,29.509,5.509
95,48,57.247,9.247
96,57,47.496,-9.504
97,34,47.795,13.795
98,27,32.025,5.025
99,46,48.9,2.9
100,89,80.668,-8.332
101,89,81.495,-7.505
102,36,41.591,5.591
103,84,87.816,3.816
104,84,84.054,0.054
105,80,82.274,2.274
106,28,34.174,6.174
107,93,84.942,-8.058
108,88,79.396,-8.604
109,45,44.053,-0.947
110,41,51.354,10.354
111,91,81.184,-9.816
112,81,80.704,-0.296
113,82,82.983,0.983
114,90,80.114,-9.886
115,81,86.617,5.617
116,89,87.338,-1.662
117,91,86.931,-4.069
118,39,48.636,9.636
119,60,57.432,-2.568
120,35,43.145,8.145
121,53,60.965,7.965
122,70,82.304,12.304
123,82,78.814,-3.186
124,84,76.526,-7.474
125,81,86.359,5.359
126,91,87.619,-3.381
127,25,34.188,9.188
128,44,42.627,-1.373
129,39,41.584,2.584
130,52,49.624,-2.376
131,41,39.173,-1.827
132,48,50.643,2.643
133,52,53.379,1.379
134,35,50.963,15.963
135,66,64.586,-1.414
136,60,51.862,-8.138
137,64,62,-2
138,43,53.397,10.397
139,66,68.246,2.246
140,44,53.928,9.928
141,93,87.73,-5.27
142,73,70.677,-2.323
143,68,68.599,0.599
144,81,76.63,-4.37
145,97,85.001,-11.999
146,91,87.447,-3.553
147,46,57.486,11.486
148,93,87.38,-5.62
149,46,53.351,7.351
150,91,85.568,-5.432
151,18,31.485,13.485
152,84,80.692,-3.308
153,34,34.822,0.822
154,66,56.899,-9.101
155,82,81.508,-0.492
156,87,85.907,-1.093
157,42,50.318,8.318
158,55,44.674,-10.326
159,72,84.487,12.487
160,55,60.814,5.814
161,86,82.078,-3.922
162,84,87.608,3.608
163,57,55.485,-1.515
164,53,47.474,-5.526
165,33,38.708,5.708
166,71,54.435,-16.565
167,95,86.936,-8.064
168,68,54.556,-13.444
169,75,69.023,-5.977
170,39,46.629,7.629
171,84,87.39,3.39
172,52,65.608,13.608
173,82,81.868,-0.132
174,77,75.204,-1.796
175,82,81.641,-0.359
176,70,85.433,15.433
177,80,68.875,-11.125
178,52,49.813,-2.187
179,91,86.849,-4.151
180,55,61.684,6.684
181,34,46.729,12.729
182,64,76.234,12.234
183,62,59.919,-2.081
184,75,83.381,8.381
185,91,79.383,-11.617
186,73,80.84,7.84
187,48,54.477,6.477
188,89,88,-1
189,59,72.533,13.533
190,62,54.062,-7.938
191,64,65.785,1.785
192,42,51.766,9.766
193,32,40.308,8.308
194,46,44.689,-1.311
195,77,85.65,8.65
196,33,35.278,2.278
197,82,86.529,4.529
198,88,77.287,-10.713
199,73,66.186,-6.814
200,71,83.599,12.599
201,55,56.693,1.693
202,69,67.077,-1.923
203,77,70.728,-6.272
204,70,79.885,9.885
205,30,30.191,0.191
206,42,49.268,7.268
207,91,86.2,-4.8
208,68,70.653,2.653
209,68,82.948,14.948
210,55,38.019,-16.981
211,54,60.745,6.745
212,68,61.247,-6.753
213,96,88.738,-7.262
214,60,53.154,-6.846
215,30,42.163,12.163
216,69,73.898,4.898
217,77,74.147,-2.853
218,55,57.609,2.609
219,30,47.199,17.199
220,61,62.977,1.977
221,37,41.099,4.099
222,75,84.099,9.099
223,88,78.814,-9.186
224,89,81.379,-7.621
225,51,50.549,-0.451
226,43,39.853,-3.147
227,88,71.82,-16.18
228,93,87.611,-5.389
229,86,77.852,-8.148
230,71,66.707,-4.293
231,72,56.39,-15.61
232,75,79.733,4.733
233,48,46.77,-1.23
234,64,76.168,12.168
235,55,66.364,11.364
236,57,60.304,3.304
237,77,82.876,5.876
238,75,68.55,-6.45
239,82,71.819,-10.181
240,63,56.293,-6.707
241,79,81.755,2.755
242,32,32.878,0.878
243,62,66.598,4.598
244,82,81.753,-0.247
245,57,57.828,0.828
246,82,87.379,5.379
247,80,83.465,3.465
248,57,51.032,-5.968
249,41,52.541,11.541
250,62,52.537,-9.463
251,37,38.069,1.069
252,57,60.965,3.965
253,82,79.791,-2.209
254,60,61.159,1.159
255,79,83.228,4.228
256,64,62.452,-1.548
257,48,56.33,8.33
258,54,49.851,-4.149
259,46,43.486,-2.514
260,50,58.958,8.958
261,66,60.564,-5.436
262,57,70.759,13.759
263,81,80.886,-0.114
264,43,44.723,1.723
265,62,49.734,-12.266
266,52,55.418,3.418
267,41,38.539,-2.461
268,50,56.602,6.602
269,88,72.774,-15.226
270,57,47.683,-9.317
271,39,40.604,1.604
272,54,54.863,0.863
273,53,49.922,-3.078
274,46,46.432,0.432
275,95,82.983,-12.017
276,30,28.56,-1.44
277,79,75.383,-3.617
278,66,67.698,1.698
279,75,78.702,3.702
280,70,81.921,11.921
281,80,85.627,5.627
282,37,36.821,-0.179
283,57,60.229,3.229
284,52,51.666,-0.334
285,57,54.867,-2.133
286,82,86.29,4.29
287,57,56.669,-0.331
288,82,78.936,-3.064
289,60,60.97,0.97
290,53,55.557,2.557
291,68,68.666,0.666
292,57,43.514,-13.486
293,84,80.437,-3.563
294,64,61.626,-2.374
295,68,75.479,7.479
296,39,40.791,1.791
297,51,48.654,-2.346
298,70,62.569,-7.431
299,51,66.709,15.709
300,46,53.911,7.911
301,86,81.276,-4.724
302,78,71.385,-6.615
303,77,79.163,2.163
304,70,54.727,-15.273
305,44,44.391,0.391
306,64,67.656,3.656
307,54,62.963,8.963
308,32,40.384,8.384
309,90,88.032,-1.968
310,21,34.345,13.345
311,46,43.364,-2.636
312,45,51.568,6.568
313,33,40.963,7.963
314,69,55.794,-13.206
315,69,61.764,-7.236
316,19,27.772,8.772
317,87,87.098,0.098
318,90,84.539,-5.461
319,89,86.934,-2.066
320,66,57.247,-8.753
321,84,85.656,1.656
322,84,76.237,-7.763
323,89,86.646,-2.354
324,33,34.821,1.821
325,81,82.005,1.005
326,39,45.544,6.544
327,79,83.499,4.499
328,73,67.597,-5.403
329,72,70.683,-1.317
330,55,52.091,-2.909
331,39,42.576,3.576
332,82,81.003,-0.997
333,78,77.121,-0.879
334,39,51.461,12.461
335,50,55.61,5.61
336,51,53.919,2.919
337,34,46.442,12.442
338,75,71.429,-3.571
339,44,53.062,9.062
340,43,52.942,9.942
341,84,82.679,-1.321
342,41,42.055,1.055
343,43,40.163,-2.837
344,46,53.377,7.377
345,73,75.17,2.17
346,61,55.944,-5.056
347,60,69.851,9.851
348,32,36.878,4.878
349,82,75.887,-6.113
350,66,71.872,5.872
351,46,43.07,-2.93
352,62,60.223,-1.777
353,64,55.845,-8.155
354,97,87.63,-9.37
355,50,52.432,2.432
356,70,62.121,-7.879
357,16,33.692,17.692
358,41,53.609,12.609
359,87,81.936,-5.064
360,80,86.243,6.243
361,69,64.441,-4.559
362,66,67.896,1.896
363,53,54.713,1.713
364,64,59.916,-4.084
365,60,65.189,5.189
366,66,55.112,-10.888
367,75,79.993,4.993
368,80,75.87,-4.13
369,84,87.117,3.117
370,57,64.18,7.18
371,57,54.211,-2.789
372,37,47.467,10.467
