inst#,actual,predicted,error
1,86,78.744,-7.256
2,84,79.87,-4.13
3,77,76.526,-0.474
4,50,49.063,-0.937
5,79,69.415,-9.585
6,87,87.343,0.343
7,42,43.892,1.892
8,64,70.814,6.814
9,84,82.98,-1.02
10,41,39.147,-1.853
11,86,86.547,0.547
12,79,63.921,-15.079
13,54,61.536,7.536
14,87,85.163,-1.837
15,70,69.125,-0.875
16,59,59.505,0.505
17,88,86.21,-1.79
18,73,73.657,0.657
19,72,70.929,-1.071
20,62,53.985,-8.015
21,82,82.65,0.65
22,84,79.69,-4.31
23,70,72.642,2.642
24,37,42.947,5.947
25,87,87.771,0.771
26,87,72.476,-14.524
27,82,75.504,-6.496
28,21,32.32,11.32
29,43,36.017,-6.983
30,39,39.805,0.805
31,78,92.466,14.466
32,41,47.486,6.486
33,45,46.509,1.509
34,87,75.116,-11.884
35,90,88.809,-1.191
36,53,51.38,-1.62
37,48,53.651,5.651
38,33,30.954,-2.046
39,39,39.205,0.205
40,77,84.077,7.077
41,81,79.833,-1.167
42,77,68.933,-8.067
43,46,51.06,5.06
44,37,42.815,5.815
45,93,89.849,-3.151
46,37,54.844,17.844
47,71,67.522,-3.478
48,54,58.364,4.364
49,59,63.756,4.756
50,61,70.046,9.046
51,43,44.973,1.973
52,61,58.123,-2.877
53,59,69.424,10.424
54,64,65.999,1.999
55,61,70.803,9.803
56,77,83.002,6.002
57,71,64.103,-6.897
58,73,81.628,8.628
59,42,48.95,6.95
60,44,51.122,7.122
61,36,40.535,4.535
62,39,48.584,9.584
63,55,35.841,-19.159
64,96,92.39,-3.61
65,93,85.424,-7.576
66,57,64.445,7.445
67,55,46.182,-8.818
68,44,50.104,6.104
69,46,42.762,-3.238
70,64,68.68,4.68
71,91,78.666,-12.334
72,80,79.895,-0.105
73,87,85.782,-1.218
74,61,54.044,-6.956
75,57,69.436,12.436
76,41,50.536,9.536
77,90,82.555,-7.445
78,42,33.909,-8.091
79,69,71.505,2.505
80,55,58.642,3.642
81,63,63.671,0.671
82,30,32.634,2.634
83,53,58.285,5.285
84,95,87.61,-7.39
85,33,37.881,4.881
86,87,84.141,-2.859
87,79,78.71,-0.29
88,84,82.707,-1.293
89,64,62.788,-1.212
90,84,88.42,4.42
91,73,55.282,-17.718
92,75,88.455,13.455
93,75,79.967,4.967
94,24,25.684,1.684
95,48,55.488,7.488
96,57,44.672,-12.328
97,34,55.9,21.9
98,27,26.262,-0.738
99,46,47.359,1.359
100,89,78.47,-10.53
101,89,84.968,-4.032
102,36,33.018,-2.982
103,84,90.183,6.183
104,84,80.886,-3.114
105,80,86.264,6.264
106,28,33.245,5.245
107,93,90.407,-2.593
108,88,81.206,-6.794
109,45,48.279,3.279
110,41,62.648,21.648
111,91,80.599,-10.401
112,81,83.093,2.093
113,82,84.1,2.1
114,90,80.441,-9.559
115,81,89.106,8.106
116,89,84.662,-4.338
117,91,89.869,-1.131
118,39,44.317,5.317
119,60,57.749,-2.251
120,35,43.073,8.073
121,53,70.537,17.537
122,70,84.483,14.483
123,82,75.165,-6.835
124,84,80.164,-3.836
125,81,87.332,6.332
126,91,88.674,-2.326
127,25,32.107,7.107
128,44,43.822,-0.178
129,39,41.206,2.206
130,52,49.566,-2.434
131,41,37.252,-3.748
132,48,52.165,4.165
133,52,52.453,0.453
134,35,46.079,11.079
135,66,61.423,-4.577
136,60,51.906,-8.094
137,64,60.612,-3.388
138,43,59.175,16.175
139,66,69.108,3.108
140,44,53.806,9.806
141,93,89.949,-3.051
142,73,74.44,1.44
143,68,70.57,2.57
144,81,78.956,-2.044
145,97,89.83,-7.17
146,91,90.457,-0.543
147,46,54.302,8.302
148,93,88.165,-4.835
149,46,48.448,2.448
150,91,85.048,-5.952
151,18,30.652,12.652
152,84,85.813,1.813
153,34,31.281,-2.719
154,66,54.039,-11.961
155,82,79.971,-2.029
156,87,86.999,-0.001
157,42,51.288,9.288
158,55,42.883,-12.117
159,72,87.572,15.572
160,55,58.852,3.852
161,86,76.78,-9.22
162,84,92.784,8.784
163,57,52.287,-4.713
164,53,48.71,-4.29
165,33,37.126,4.126
166,71,51.332,-19.668
167,95,89.099,-5.901
168,68,54.892,-13.108
169,75,67.239,-7.761
170,39,40.174,1.174
171,84,89.437,5.437
172,52,59.293,7.293
173,82,80.163,-1.837
174,77,79.782,2.782
175,82,80.194,-1.806
176,70,80.11,10.11
177,80,70.429,-9.571
178,52,45.029,-6.971
179,91,91.225,0.225
180,55,66.172,11.172
181,34,47.088,13.088
182,64,74.855,10.855
183,62,59.809,-2.191
184,75,81.503,6.503
185,91,79.488,-11.512
186,73,79.861,6.861
187,48,56.271,8.271
188,89,88.626,-0.374
189,59,72.43,13.43
190,62,48.797,-13.203
191,64,66.604,2.604
192,42,57.838,15.838
193,32,39.395,7.395
194,46,43.145,-2.855
195,77,92.466,15.466
196,33,36.027,3.027
197,82,84.141,2.141
198,88,79.771,-8.229
199,73,64.138,-8.862
200,71,83.59,12.59
201,55,58.537,3.537
202,69,68.151,-0.849
203,77,71.052,-5.948
204,70,84.578,14.578
205,30,28.907,-1.093
206,42,46.908,4.908
207,91,86.604,-4.396
208,68,69.945,1.945
209,68,79.514,11.514
210,55,29.159,-25.841
211,54,62.918,8.918
212,68,63.408,-4.592
213,96,92.61,-3.39
214,60,54.617,-5.383
215,30,47.638,17.638
216,69,72.367,3.367
217,77,68.224,-8.776
218,55,57.025,2.025
219,30,50.499,20.499
220,61,62.616,1.616
221,37,47.262,10.262
222,75,87.663,12.663
223,88,75.165,-12.835
224,89,83.368,-5.632
225,51,49.326,-1.674
226,43,37.797,-5.203
227,88,78.555,-9.445
228,93,87.302,-5.698
229,86,79.192,-6.808
230,71,69.054,-1.946
231,72,55.603,-16.397
232,75,77.331,2.331
233,48,43.887,-4.113
234,64,74.861,10.861
235,55,68.67,13.67
236,57,61.544,4.544
237,77,81.539,4.539
238,75,69.578,-5.422
239,82,73.15,-8.85
240,63,59.813,-3.187
241,79,82.848,3.848
242,32,30.921,-1.079
243,62,60.456,-1.544
244,82,86.016,4.016
245,57,57.027,0.027
246,82,90.005,8.005
247,80,86.166,6.166
248,57,49.895,-7.105
249,41,47.64,6.64
250,62,54.437,-7.563
251,37,34.867,-2.133
252,57,65.11,8.11
253,82,81.438,-0.562
254,60,65.105,5.105
255,79,83.419,4.419
256,64,60.555,-3.445
257,48,48.85,0.85
258,54,46.866,-7.134
259,46,44.934,-1.066
260,50,49.92,-0.08
261,66,62.969,-3.031
262,57,72.601,15.601
263,81,83.665,2.665
264,43,43.296,0.296
265,62,54.242,-7.758
266,52,50.713,-1.287
267,41,37.901,-3.099
268,50,56.233,6.233
269,88,67.205,-20.795
270,57,46.647,-10.353
271,39,45.422,6.422
272,54,50.096,-3.904
273,53,53.494,0.494
274,46,45.692,-0.308
275,95,84.1,-10.9
276,30,22.955,-7.045
277,79,75.715,-3.285
278,66,67.697,1.697
279,75,77.961,2.961
280,70,78.649,8.649
281,80,81.448,1.448
282,37,35.22,-1.78
283,57,61.674,4.674
284,52,57.107,5.107
285,57,50.653,-6.347
286,82,91.592,9.592
287,57,55.484,-1.516
288,82,81.127,-0.873
289,60,62.847,2.847
290,53,56.23,3.23
291,68,67.968,-0.032
292,57,45.26,-11.74
293,84,86.242,2.242
294,64,64.484,0.484
295,68,72.34,4.34
296,39,40.655,1.655
297,51,40.519,-10.481
298,70,67.168,-2.832
299,51,69.526,18.526
300,46,59.869,13.869
301,86,83.812,-2.188
302,78,76.637,-1.363
303,77,78.894,1.894
304,70,59.812,-10.188
305,44,42.623,-1.377
306,64,66.927,2.927
307,54,64.592,10.592
308,32,42.158,10.158
309,90,88.598,-1.402
310,21,30.796,9.796
311,46,44.081,-1.919
312,45,49.943,4.943
313,33,40.149,7.149
314,69,48.661,-20.339
315,69,61.514,-7.486
316,19,19.618,0.618
317,87,89.581,2.581
318,90,85.88,-4.12
319,89,89.763,0.763
320,66,55.488,-10.512
321,84,87.689,3.689
322,84,72.789,-11.211
323,89,88.974,-0.026
324,33,28.998,-4.002
325,81,85.819,4.819
326,39,43.355,4.355
327,79,87.574,8.574
328,73,68.031,-4.969
329,72,66.954,-5.046
330,55,52.752,-2.248
331,39,40.397,1.397
332,82,82.279,0.279
333,78,72.61,-5.39
334,39,48.22,9.22
335,50,57.764,7.764
336,51,53.634,2.634
337,34,50.108,16.108
338,75,69.125,-5.875
339,44,50.75,6.75
340,43,46.265,3.265
341,84,82.189,-1.811
342,41,38.531,-2.469
343,43,38.12,-4.88
344,46,50.71,4.71
345,73,74.923,1.923
346,61,50.984,-10.016
347,60,73.211,13.211
348,32,35.211,3.211
349,82,73.866,-8.134
350,66,69.171,3.171
351,46,44.828,-1.172
352,62,54.924,-7.076
353,64,55.53,-8.47
354,97,90.949,-6.051
355,50,57.189,7.189
356,70,63.635,-6.365
357,16,31.737,15.737
358,41,60.059,19.059
359,87,84.6,-2.4
360,80,87.356,7.356
361,69,60.958,-8.042
362,66,68.057,2.057
363,53,58.316,5.316
364,64,60.182,-3.818
365,60,66.668,6.668
366,66,52.366,-13.634
367,75,74.389,-0.611
368,80,79.477,-0.523
369,84,87.644,3.644
370,57,65.323,8.323
371,57,51.443,-5.557
372,37,45.355,8.355
