inst#,actual,predicted,error
1,86,63.408,-22.592
2,84,63.408,-20.592
3,77,63.408,-13.592
4,50,63.408,13.408
5,79,63.408,-15.592
6,87,63.408,-23.592
7,42,63.408,21.408
8,64,63.408,-0.592
9,84,63.408,-20.592
10,41,63.408,22.408
11,86,63.408,-22.592
12,79,63.408,-15.592
13,54,63.408,9.408
14,87,63.408,-23.592
15,70,63.408,-6.592
16,59,63.408,4.408
17,88,63.408,-24.592
18,73,63.408,-9.592
19,72,63.408,-8.592
20,62,63.408,1.408
21,82,63.408,-18.592
22,84,63.408,-20.592
23,70,63.408,-6.592
24,37,63.408,26.408
25,87,63.408,-23.592
26,87,63.408,-23.592
27,82,63.408,-18.592
28,21,63.408,42.408
29,43,63.408,20.408
30,39,63.408,24.408
31,78,63.408,-14.592
32,41,63.408,22.408
33,45,63.408,18.408
34,87,63.408,-23.592
35,90,63.408,-26.592
36,53,63.408,10.408
37,48,63.408,15.408
38,33,63.408,30.408
39,39,63.408,24.408
40,77,63.408,-13.592
41,81,63.408,-17.592
42,77,63.408,-13.592
43,46,63.408,17.408
44,37,63.408,26.408
45,93,63.408,-29.592
46,37,63.408,26.408
47,71,63.408,-7.592
48,54,63.408,9.408
49,59,63.408,4.408
50,61,63.408,2.408
51,43,63.408,20.408
52,61,63.408,2.408
53,59,63.408,4.408
54,64,63.408,-0.592
55,61,63.408,2.408
56,77,63.408,-13.592
57,71,63.408,-7.592
58,73,63.408,-9.592
59,42,63.408,21.408
60,44,63.408,19.408
61,36,63.408,27.408
62,39,63.408,24.408
63,55,63.408,8.408
64,96,63.408,-32.592
65,93,63.408,-29.592
66,57,63.408,6.408
67,55,63.408,8.408
68,44,63.408,19.408
69,46,63.408,17.408
70,64,63.408,-0.592
71,91,63.408,-27.592
72,80,63.408,-16.592
73,87,63.408,-23.592
74,61,63.408,2.408
75,57,63.408,6.408
76,41,63.408,22.408
77,90,63.408,-26.592
78,42,63.408,21.408
79,69,63.408,-5.592
80,55,63.408,8.408
81,63,63.408,0.408
82,30,63.408,33.408
83,53,63.408,10.408
84,95,63.408,-31.592
85,33,63.408,30.408
86,87,63.408,-23.592
87,79,63.408,-15.592
88,84,63.408,-20.592
89,64,63.408,-0.592
90,84,63.408,-20.592
91,73,63.408,-9.592
92,75,63.408,-11.592
93,75,63.408,-11.592
94,24,63.408,39.408
95,48,63.408,15.408
96,57,63.408,6.408
97,34,63.408,29.408
98,27,63.408,36.408
99,46,63.408,17.408
100,89,63.408,-25.592
101,89,63.408,-25.592
102,36,63.408,27.408
103,84,63.408,-20.592
104,84,63.408,-20.592
105,80,63.408,-16.592
106,28,63.408,35.408
107,93,63.408,-29.592
108,88,63.408,-24.592
109,45,63.408,18.408
110,41,63.408,22.408
111,91,63.408,-27.592
112,81,63.408,-17.592
113,82,63.408,-18.592
114,90,63.408,-26.592
115,81,63.408,-17.592
116,89,63.408,-25.592
117,91,63.408,-27.592
118,39,63.408,24.408
119,60,63.408,3.408
120,35,63.408,28.408
121,53,63.408,10.408
122,70,63.408,-6.592
123,82,63.408,-18.592
124,84,63.408,-20.592
125,81,63.408,-17.592
126,91,63.408,-27.592
127,25,63.408,38.408
128,44,63.408,19.408
129,39,63.408,24.408
130,52,63.408,11.408
131,41,63.408,22.408
132,48,63.408,15.408
133,52,63.408,11.408
134,35,63.408,28.408
135,66,63.408,-2.592
136,60,63.408,3.408
137,64,63.408,-0.592
138,43,63.408,20.408
139,66,63.408,-2.592
140,44,63.408,19.408
141,93,63.408,-29.592
142,73,63.408,-9.592
143,68,63.408,-4.592
144,81,63.408,-17.592
145,97,63.408,-33.592
146,91,63.408,-27.592
147,46,63.408,17.408
148,93,63.408,-29.592
149,46,63.408,17.408
150,91,63.408,-27.592
151,18,63.408,45.408
152,84,63.408,-20.592
153,34,63.408,29.408
154,66,63.408,-2.592
155,82,63.408,-18.592
156,87,63.408,-23.592
157,42,63.408,21.408
158,55,63.408,8.408
159,72,63.408,-8.592
160,55,63.408,8.408
161,86,63.408,-22.592
162,84,63.408,-20.592
163,57,63.408,6.408
164,53,63.408,10.408
165,33,63.408,30.408
166,71,63.408,-7.592
167,95,63.408,-31.592
168,68,63.408,-4.592
169,75,63.408,-11.592
170,39,63.408,24.408
171,84,63.408,-20.592
172,52,63.408,11.408
173,82,63.408,-18.592
174,77,63.408,-13.592
175,82,63.408,-18.592
176,70,63.408,-6.592
177,80,63.408,-16.592
178,52,63.408,11.408
179,91,63.408,-27.592
180,55,63.408,8.408
181,34,63.408,29.408
182,64,63.408,-0.592
183,62,63.408,1.408
184,75,63.408,-11.592
185,91,63.408,-27.592
186,73,63.408,-9.592
187,48,63.408,15.408
188,89,63.408,-25.592
189,59,63.408,4.408
190,62,63.408,1.408
191,64,63.408,-0.592
192,42,63.408,21.408
193,32,63.408,31.408
194,46,63.408,17.408
195,77,63.408,-13.592
196,33,63.408,30.408
197,82,63.408,-18.592
198,88,63.408,-24.592
199,73,63.408,-9.592
200,71,63.408,-7.592
201,55,63.408,8.408
202,69,63.408,-5.592
203,77,63.408,-13.592
204,70,63.408,-6.592
205,30,63.408,33.408
206,42,63.408,21.408
207,91,63.408,-27.592
208,68,63.408,-4.592
209,68,63.408,-4.592
210,55,63.408,8.408
211,54,63.408,9.408
212,68,63.408,-4.592
213,96,63.408,-32.592
214,60,63.408,3.408
215,30,63.408,33.408
216,69,63.408,-5.592
217,77,63.408,-13.592
218,55,63.408,8.408
219,30,63.408,33.408
220,61,63.408,2.408
221,37,63.408,26.408
222,75,63.408,-11.592
223,88,63.408,-24.592
224,89,63.408,-25.592
225,51,63.408,12.408
226,43,63.408,20.408
227,88,63.408,-24.592
228,93,63.408,-29.592
229,86,63.408,-22.592
230,71,63.408,-7.592
231,72,63.408,-8.592
232,75,63.408,-11.592
233,48,63.408,15.408
234,64,63.408,-0.592
235,55,63.408,8.408
236,57,63.408,6.408
237,77,63.408,-13.592
238,75,63.408,-11.592
239,82,63.408,-18.592
240,63,63.408,0.408
241,79,63.408,-15.592
242,32,63.408,31.408
243,62,63.408,1.408
244,82,63.408,-18.592
245,57,63.408,6.408
246,82,63.408,-18.592
247,80,63.408,-16.592
248,57,63.408,6.408
249,41,63.408,22.408
250,62,63.408,1.408
251,37,63.408,26.408
252,57,63.408,6.408
253,82,63.408,-18.592
254,60,63.408,3.408
255,79,63.408,-15.592
256,64,63.408,-0.592
257,48,63.408,15.408
258,54,63.408,9.408
259,46,63.408,17.408
260,50,63.408,13.408
261,66,63.408,-2.592
262,57,63.408,6.408
263,81,63.408,-17.592
264,43,63.408,20.408
265,62,63.408,1.408
266,52,63.408,11.408
267,41,63.408,22.408
268,50,63.408,13.408
269,88,63.408,-24.592
270,57,63.408,6.408
271,39,63.408,24.408
272,54,63.408,9.408
273,53,63.408,10.408
274,46,63.408,17.408
275,95,63.408,-31.592
276,30,63.408,33.408
277,79,63.408,-15.592
278,66,63.408,-2.592
279,75,63.408,-11.592
280,70,63.408,-6.592
281,80,63.408,-16.592
282,37,63.408,26.408
283,57,63.408,6.408
284,52,63.408,11.408
285,57,63.408,6.408
286,82,63.408,-18.592
287,57,63.408,6.408
288,82,63.408,-18.592
289,60,63.408,3.408
290,53,63.408,10.408
291,68,63.408,-4.592
292,57,63.408,6.408
293,84,63.408,-20.592
294,64,63.408,-0.592
295,68,63.408,-4.592
296,39,63.408,24.408
297,51,63.408,12.408
298,70,63.408,-6.592
299,51,63.408,12.408
300,46,63.408,17.408
301,86,63.408,-22.592
302,78,63.408,-14.592
303,77,63.408,-13.592
304,70,63.408,-6.592
305,44,63.408,19.408
306,64,63.408,-0.592
307,54,63.408,9.408
308,32,63.408,31.408
309,90,63.408,-26.592
310,21,63.408,42.408
311,46,63.408,17.408
312,45,63.408,18.408
313,33,63.408,30.408
314,69,63.408,-5.592
315,69,63.408,-5.592
316,19,63.408,44.408
317,87,63.408,-23.592
318,90,63.408,-26.592
319,89,63.408,-25.592
320,66,63.408,-2.592
321,84,63.408,-20.592
322,84,63.408,-20.592
323,89,63.408,-25.592
324,33,63.408,30.408
325,81,63.408,-17.592
326,39,63.408,24.408
327,79,63.408,-15.592
328,73,63.408,-9.592
329,72,63.408,-8.592
330,55,63.408,8.408
331,39,63.408,24.408
332,82,63.408,-18.592
333,78,63.408,-14.592
334,39,63.408,24.408
335,50,63.408,13.408
336,51,63.408,12.408
337,34,63.408,29.408
338,75,63.408,-11.592
339,44,63.408,19.408
340,43,63.408,20.408
341,84,63.408,-20.592
342,41,63.408,22.408
343,43,63.408,20.408
344,46,63.408,17.408
345,73,63.408,-9.592
346,61,63.408,2.408
347,60,63.408,3.408
348,32,63.408,31.408
349,82,63.408,-18.592
350,66,63.408,-2.592
351,46,63.408,17.408
352,62,63.408,1.408
353,64,63.408,-0.592
354,97,63.408,-33.592
355,50,63.408,13.408
356,70,63.408,-6.592
357,16,63.408,47.408
358,41,63.408,22.408
359,87,63.408,-23.592
360,80,63.408,-16.592
361,69,63.408,-5.592
362,66,63.408,-2.592
363,53,63.408,10.408
364,64,63.408,-0.592
365,60,63.408,3.408
366,66,63.408,-2.592
367,75,63.408,-11.592
368,80,63.408,-16.592
369,84,63.408,-20.592
370,57,63.408,6.408
371,57,63.408,6.408
372,37,63.408,26.408
