inst#,actual,predicted,error
1,86,85.348,-0.652
2,84,86.388,2.388
3,77,69.862,-7.138
4,50,50.744,0.744
5,79,68.486,-10.514
6,87,91.87,4.87
7,42,42.906,0.906
8,64,72.284,8.284
9,84,83.264,-0.736
10,41,39.291,-1.709
11,86,91.523,5.523
12,79,66.326,-12.674
13,54,63.041,9.041
14,87,90.028,3.028
15,70,65.329,-4.671
16,59,55.478,-3.522
17,88,89.325,1.325
18,73,68.746,-4.254
19,72,71.595,-0.405
20,62,56.161,-5.839
21,82,83.393,1.393
22,84,78.364,-5.636
23,70,71.52,1.52
24,37,41.564,4.564
25,87,88.101,1.101
26,87,76.731,-10.269
27,82,71.596,-10.404
28,21,33.032,12.032
29,43,40.367,-2.633
30,39,39.095,0.095
31,78,86.065,8.065
32,41,47.122,6.122
33,45,44.858,-0.142
34,87,83.501,-3.499
35,90,85.162,-4.838
36,53,51.377,-1.623
37,48,53.579,5.579
38,33,29.723,-3.277
39,39,40.331,1.331
40,77,85.447,8.447
41,81,78.568,-2.432
42,77,73.086,-3.914
43,46,62.342,16.342
44,37,43.644,6.644
45,93,87.892,-5.108
46,37,50.394,13.394
47,71,72.084,1.084
48,54,59.785,5.785
49,59,60.415,1.415
50,61,66.004,5.004
51,43,43.101,0.101
52,61,58.103,-2.897
53,59,60.449,1.449
54,64,69.164,5.164
55,61,66.753,5.753
56,77,86.91,9.91
57,71,62.669,-8.331
58,73,79.342,6.342
59,42,51.656,9.656
60,44,47.782,3.782
61,36,40.595,4.595
62,39,44.933,5.933
63,55,37.003,-17.997
64,96,89.743,-6.257
65,93,86.33,-6.67
66,57,72.762,15.762
67,55,46.976,-8.024
68,44,45.082,1.082
69,46,46.877,0.877
70,64,64.204,0.204
71,91,81.749,-9.251
72,80,73.731,-6.269
73,87,85.1,-1.9
74,61,52.838,-8.162
75,57,68.86,11.86
76,41,42.622,1.622
77,90,80.187,-9.813
78,42,35.849,-6.151
79,69,70.052,1.052
80,55,66.623,11.623
81,63,63.117,0.117
82,30,35.752,5.752
83,53,55.806,2.806
84,95,91.695,-3.305
85,33,34.965,1.965
86,87,87.854,0.854
87,79,77.947,-1.053
88,84,85.832,1.832
89,64,66.055,2.055
90,84,86.829,2.829
91,73,55.45,-17.55
92,75,87.754,12.754
93,75,80.299,5.299
94,24,26.905,2.905
95,48,59.57,11.57
96,57,47.293,-9.707
97,34,45.694,11.694
98,27,25.79,-1.21
99,46,49.5,3.5
100,89,81.569,-7.431
101,89,80.776,-8.224
102,36,40.058,4.058
103,84,91.13,7.13
104,84,84.774,0.774
105,80,82.656,2.656
106,28,31.527,3.527
107,93,85.827,-7.173
108,88,78.08,-9.92
109,45,40.946,-4.054
110,41,49.934,8.934
111,91,82.347,-8.653
112,81,78.231,-2.769
113,82,82.993,0.993
114,90,84.439,-5.561
115,81,88.291,7.291
116,89,89.605,0.605
117,91,88.647,-2.353
118,39,50.456,11.456
119,60,57.614,-2.386
120,35,39.067,4.067
121,53,58.897,5.897
122,70,82.338,12.338
123,82,77.771,-4.229
124,84,75.615,-8.385
125,81,86.852,5.852
126,91,90.337,-0.663
127,25,32.525,7.525
128,44,41.292,-2.708
129,39,37.718,-1.282
130,52,50.802,-1.198
131,41,38.406,-2.594
132,48,48.304,0.304
133,52,54.083,2.083
134,35,51.256,16.256
135,66,64.953,-1.047
136,60,52.629,-7.371
137,64,61.321,-2.679
138,43,54.078,11.078
139,66,66.108,0.108
140,44,54.803,10.803
141,93,90.821,-2.179
142,73,67.688,-5.312
143,68,66.806,-1.194
144,81,75.084,-5.916
145,97,86.453,-10.547
146,91,89.501,-1.499
147,46,60.486,14.486
148,93,89.976,-3.024
149,46,55.639,9.639
150,91,86.316,-4.684
151,18,27.901,9.901
152,84,82.686,-1.314
153,34,33.303,-0.697
154,66,58.763,-7.237
155,82,81.198,-0.802
156,87,86.639,-0.361
157,42,49.316,7.316
158,55,42.776,-12.224
159,72,84.849,12.849
160,55,61.925,6.925
161,86,82.172,-3.828
162,84,89.629,5.629
163,57,55.872,-1.128
164,53,47.469,-5.531
165,33,37.528,4.528
166,71,52.896,-18.104
167,95,87.787,-7.213
168,68,53.974,-14.026
169,75,69.601,-5.399
170,39,41.991,2.991
171,84,89.596,5.596
172,52,65.722,13.722
173,82,82.452,0.452
174,77,74.115,-2.885
175,82,83.655,1.655
176,70,85.983,15.983
177,80,69.485,-10.515
178,52,49.158,-2.842
179,91,87.749,-3.251
180,55,61.555,6.555
181,34,46.216,12.216
182,64,75.516,11.516
183,62,59.357,-2.643
184,75,83.576,8.576
185,91,78.678,-12.322
186,73,80.889,7.889
187,48,57.56,9.56
188,89,92.359,3.359
189,59,70.807,11.807
190,62,55.479,-6.521
191,64,65.072,1.072
192,42,52.16,10.16
193,32,39.441,7.441
194,46,44.688,-1.312
195,77,86.065,9.065
196,33,33.465,0.465
197,82,87.854,5.854
198,88,75.919,-12.081
199,73,67.407,-5.593
200,71,83.605,12.605
201,55,58.014,3.014
202,69,65.048,-3.952
203,77,72.144,-4.856
204,70,78.389,8.389
205,30,26.847,-3.153
206,42,49.24,7.24
207,91,87.085,-3.915
208,68,71.564,3.564
209,68,83.221,15.221
210,55,37.599,-17.401
211,54,60.414,6.414
212,68,63.054,-4.946
213,96,97.552,1.552
214,60,53.361,-6.639
215,30,39.906,9.906
216,69,72.869,3.869
217,77,74.4,-2.6
218,55,56.95,1.95
219,30,45.973,15.973
220,61,65.134,4.134
221,37,38.866,1.866
222,75,84.465,9.465
223,88,77.771,-10.229
224,89,81.365,-7.635
225,51,52.587,1.587
226,43,39.679,-3.321
227,88,74.236,-13.764
228,93,90.375,-2.625
229,86,76.982,-9.018
230,71,64.664,-6.336
231,72,54.877,-17.123
232,75,80.5,5.5
233,48,46.253,-1.747
234,64,73.271,9.271
235,55,63.924,8.924
236,57,61.692,4.692
237,77,83.23,6.23
238,75,65.068,-9.932
239,82,69.478,-12.522
240,63,57.115,-5.885
241,79,81.446,2.446
242,32,28.69,-3.31
243,62,67.322,5.322
244,82,78.616,-3.384
245,57,57.832,0.832
246,82,89.734,7.734
247,80,83.809,3.809
248,57,46.298,-10.702
249,41,53.308,12.308
250,62,48.225,-13.775
251,37,33.984,-3.016
252,57,61.843,4.843
253,82,79.675,-2.325
254,60,60.459,0.459
255,79,82.238,3.238
256,64,63.761,-0.239
257,48,59.375,11.375
258,54,51.627,-2.373
259,46,41.506,-4.494
260,50,60.666,10.666
261,66,59.319,-6.681
262,57,67.997,10.997
263,81,78.269,-2.731
264,43,44.029,1.029
265,62,50.246,-11.754
266,52,55.901,3.901
267,41,38.255,-2.745
268,50,58.303,8.303
269,88,72.611,-15.389
270,57,47.853,-9.147
271,39,38.173,-0.827
272,54,57.586,3.586
273,53,50.631,-2.369
274,46,45.869,-0.131
275,95,82.993,-12.007
276,30,24.131,-5.869
277,79,72.464,-6.536
278,66,65.599,-0.401
279,75,76.285,1.285
280,70,81.583,11.583
281,80,86.463,6.463
282,37,36.101,-0.899
283,57,60.383,3.383
284,52,52.711,0.711
285,57,56.105,-0.895
286,82,87.409,5.409
287,57,58.379,1.379
288,82,76.659,-5.341
289,60,62.281,2.281
290,53,56.816,3.816
291,68,69.112,1.112
292,57,40.909,-16.091
293,84,76.94,-7.06
294,64,60.919,-3.081
295,68,77.293,9.293
296,39,39.646,0.646
297,51,50.654,-0.346
298,70,62.191,-7.809
299,51,64.279,13.279
300,46,50.74,4.74
301,86,77.363,-8.637
302,78,68.979,-9.021
303,77,76.276,-0.724
304,70,54.343,-15.657
305,44,43.78,-0.22
306,64,67.019,3.019
307,54,61.65,7.65
308,32,38.861,6.861
309,90,92.292,2.292
310,21,30.161,9.161
311,46,43.524,-2.476
312,45,51.414,6.414
313,33,39.139,6.139
314,69,55.939,-13.061
315,69,64.245,-4.755
316,19,22.66,3.66
317,87,88.556,1.556
318,90,86.418,-3.582
319,89,91.06,2.06
320,66,59.57,-6.43
321,84,86.796,2.796
322,84,74.458,-9.542
323,89,88.058,-0.942
324,33,27.328,-5.672
325,81,83.449,2.449
326,39,46.786,7.786
327,79,83.772,4.772
328,73,66.892,-6.108
329,72,71.291,-0.709
330,55,53.704,-1.296
331,39,42.655,3.655
332,82,82.202,0.202
333,78,76.769,-1.231
334,39,52.396,13.396
335,50,56.298,6.298
336,51,52.279,1.279
337,34,43.662,9.662
338,75,68.918,-6.082
339,44,51.005,7.005
340,43,58.644,15.644
341,84,81.929,-2.071
342,41,42.926,1.926
343,43,38.482,-4.518
344,46,53.378,7.378
345,73,73.138,0.138
346,61,56.883,-4.117
347,60,69.193,9.193
348,32,35.373,3.373
349,82,75.691,-6.309
350,66,73.477,7.477
351,46,42.242,-3.758
352,62,61.504,-0.496
353,64,56.21,-7.79
354,97,89.358,-7.642
355,50,50.318,0.318
356,70,60.164,-9.836
357,16,29.381,13.381
358,41,50.778,9.778
359,87,80.496,-6.504
360,80,87.37,7.37
361,69,63.15,-5.85
362,66,66.686,0.686
363,53,57.944,4.944
364,64,62.047,-1.953
365,60,64.128,4.128
366,66,58.492,-7.508
367,75,81.411,6.411
368,80,74.595,-5.405
369,84,89.701,5.701
370,57,64.883,7.883
371,57,57.161,0.161
372,37,48.818,11.818
