inst#,actual,predicted,error
1,86,84.83,-1.17
2,84,86.083,2.083
3,77,69.28,-7.72
4,50,50.533,0.533
5,79,68.466,-10.534
6,87,91.464,4.464
7,42,42.385,0.385
8,64,72.53,8.53
9,84,83.821,-0.179
10,41,39.38,-1.62
11,86,91.046,5.046
12,79,66.456,-12.544
13,54,63.339,9.339
14,87,89.304,2.304
15,70,66.302,-3.698
16,59,55.791,-3.209
17,88,88.783,0.783
18,73,68.197,-4.803
19,72,71.707,-0.293
20,62,55.431,-6.569
21,82,84.436,2.436
22,84,78.373,-5.627
23,70,71.538,1.538
24,37,41.474,4.474
25,87,87.629,0.629
26,87,76.331,-10.669
27,82,71.368,-10.632
28,21,32.49,11.49
29,43,39.377,-3.623
30,39,38.961,-0.039
31,78,86.221,8.221
32,41,46.684,5.684
33,45,44.277,-0.723
34,87,82.997,-4.003
35,90,85.268,-4.732
36,53,52.408,-0.592
37,48,52.835,4.835
38,33,29.156,-3.844
39,39,40.634,1.634
40,77,85.215,8.215
41,81,78.817,-2.183
42,77,73.436,-3.564
43,46,61.32,15.32
44,37,43.98,6.98
45,93,87.511,-5.489
46,37,50.103,13.103
47,71,72.098,1.098
48,54,60.451,6.451
49,59,59.645,0.645
50,61,66.255,5.255
51,43,43.143,0.143
52,61,57.976,-3.024
53,59,61.396,2.396
54,64,68.771,4.771
55,61,66.377,5.377
56,77,86.716,9.716
57,71,62.705,-8.295
58,73,79.156,6.156
59,42,51.172,9.172
60,44,47.617,3.617
61,36,40.377,4.377
62,39,44.107,5.107
63,55,37.928,-17.072
64,96,89.357,-6.643
65,93,85.625,-7.375
66,57,72.064,15.064
67,55,46.698,-8.302
68,44,45.264,1.264
69,46,47.823,1.823
70,64,64.023,0.023
71,91,81.536,-9.464
72,80,73.5,-6.5
73,87,84.798,-2.202
74,61,52.399,-8.601
75,57,67.941,10.941
76,41,42.099,1.099
77,90,79.651,-10.349
78,42,35.42,-6.58
79,69,70.364,1.364
80,55,66.102,11.102
81,63,63.169,0.169
82,30,35.386,5.386
83,53,56.837,3.837
84,95,91.249,-3.751
85,33,35.349,2.349
86,87,87.596,0.596
87,79,77.799,-1.201
88,84,85.548,1.548
89,64,65.868,1.868
90,84,87.212,3.212
91,73,55.223,-17.777
92,75,87.211,12.211
93,75,82.403,7.403
94,24,27.385,3.385
95,48,59.15,11.15
96,57,46.887,-10.113
97,34,45.086,11.086
98,27,25.963,-1.037
99,46,48.836,2.836
100,89,81.648,-7.352
101,89,80.427,-8.573
102,36,38.875,2.875
103,84,91.027,7.027
104,84,84.923,0.923
105,80,82.502,2.502
106,28,31.401,3.401
107,93,85.874,-7.126
108,88,78.087,-9.913
109,45,40.468,-4.532
110,41,49.94,8.94
111,91,81.999,-9.001
112,81,77.746,-3.254
113,82,83.234,1.234
114,90,86.872,-3.128
115,81,88.713,7.713
116,89,89.057,0.057
117,91,88.817,-2.183
118,39,50.573,11.573
119,60,57.245,-2.755
120,35,38.394,3.394
121,53,58.857,5.857
122,70,82.313,12.313
123,82,77.584,-4.416
124,84,75.248,-8.752
125,81,86.258,5.258
126,91,89.807,-1.193
127,25,32.727,7.727
128,44,41.225,-2.775
129,39,36.638,-2.362
130,52,50.991,-1.009
131,41,37.8,-3.2
132,48,48.25,0.25
133,52,54.096,2.096
134,35,49.97,14.97
135,66,64.145,-1.855
136,60,52.281,-7.719
137,64,60.61,-3.39
138,43,54.422,11.422
139,66,66.314,0.314
140,44,53.989,9.989
141,93,90.525,-2.475
142,73,67.572,-5.428
143,68,67.162,-0.838
144,81,74.929,-6.071
145,97,86.566,-10.434
146,91,88.998,-2.002
147,46,59.801,13.801
148,93,90.03,-2.97
149,46,54.798,8.798
150,91,86.266,-4.734
151,18,27.54,9.54
152,84,84.241,0.241
153,34,33.078,-0.922
154,66,58.57,-7.43
155,82,80.675,-1.325
156,87,86.128,-0.872
157,42,48.935,6.935
158,55,42.929,-12.071
159,72,84.753,12.753
160,55,62.256,7.256
161,86,81.784,-4.216
162,84,89.612,5.612
163,57,55.471,-1.529
164,53,47.102,-5.898
165,33,37.063,4.063
166,71,52.856,-18.144
167,95,87.452,-7.548
168,68,54.024,-13.976
169,75,69.888,-5.112
170,39,41.395,2.395
171,84,89.371,5.371
172,52,64.81,12.81
173,82,82.058,0.058
174,77,73.832,-3.168
175,82,85.337,3.337
176,70,85.208,15.208
177,80,71.64,-8.36
178,52,48.092,-3.908
179,91,87.537,-3.463
180,55,61.283,6.283
181,34,45.719,11.719
182,64,74.863,10.863
183,62,59.02,-2.98
184,75,82.827,7.827
185,91,78.549,-12.451
186,73,80.172,7.172
187,48,59.468,11.468
188,89,91.855,2.855
189,59,70.16,11.16
190,62,55.452,-6.548
191,64,65.073,1.073
192,42,52.433,10.433
193,32,39.379,7.379
194,46,45.245,-0.755
195,77,86.221,9.221
196,33,33.934,0.934
197,82,87.596,5.596
198,88,76.077,-11.923
199,73,67.637,-5.363
200,71,83.056,12.056
201,55,58.447,3.447
202,69,64.518,-4.482
203,77,73.727,-3.273
204,70,78.589,8.589
205,30,26.927,-3.073
206,42,49.105,7.105
207,91,86.931,-4.069
208,68,72.636,4.636
209,68,82.723,14.723
210,55,37.219,-17.781
211,54,59.984,5.984
212,68,63.037,-4.963
213,96,97.276,1.276
214,60,53.031,-6.969
215,30,39.215,9.215
216,69,73.294,4.294
217,77,73.78,-3.22
218,55,56.639,1.639
219,30,45.36,15.36
220,61,65.544,4.544
221,37,37.962,0.962
222,75,84.42,9.42
223,88,77.584,-10.416
224,89,81.204,-7.796
225,51,52.693,1.693
226,43,39.726,-3.274
227,88,76.271,-11.729
228,93,89.722,-3.278
229,86,76.376,-9.624
230,71,64.185,-6.815
231,72,54.977,-17.023
232,75,80.166,5.166
233,48,45.634,-2.366
234,64,72.998,8.998
235,55,63.749,8.749
236,57,61.583,4.583
237,77,82.409,5.409
238,75,65.061,-9.939
239,82,68.947,-13.053
240,63,57.507,-5.493
241,79,82.217,3.217
242,32,28.748,-3.252
243,62,66.611,4.611
244,82,78.079,-3.921
245,57,57.388,0.388
246,82,89.671,7.671
247,80,83.5,3.5
248,57,46.393,-10.607
249,41,52.247,11.247
250,62,48.068,-13.932
251,37,34.215,-2.785
252,57,61.243,4.243
253,82,80.214,-1.786
254,60,60.743,0.743
255,79,81.928,2.928
256,64,63.232,-0.768
257,48,58.392,10.392
258,54,50.943,-3.057
259,46,41.016,-4.984
260,50,59.69,9.69
261,66,59.105,-6.895
262,57,68.074,11.074
263,81,77.661,-3.339
264,43,44.312,1.312
265,62,50.456,-11.544
266,52,55.7,3.7
267,41,38.14,-2.86
268,50,58.407,8.407
269,88,72.405,-15.595
270,57,47.434,-9.566
271,39,37.127,-1.873
272,54,57.016,3.016
273,53,50.788,-2.212
274,46,45.301,-0.699
275,95,83.234,-11.766
276,30,24.044,-5.956
277,79,72.418,-6.582
278,66,65.38,-0.62
279,75,75.528,0.528
280,70,81.007,11.007
281,80,85.913,5.913
282,37,36.975,-0.025
283,57,60.913,3.913
284,52,53.294,1.294
285,57,56.144,-0.856
286,82,88.303,6.303
287,57,58.237,1.237
288,82,76.513,-5.487
289,60,62.36,2.36
290,53,56.351,3.351
291,68,69.496,1.496
292,57,40.553,-16.447
293,84,76.448,-7.552
294,64,60.906,-3.094
295,68,78.049,10.049
296,39,39.823,0.823
297,51,49.834,-1.166
298,70,63.17,-6.83
299,51,63.853,12.853
300,46,50.521,4.521
301,86,76.696,-9.304
302,78,68.87,-9.13
303,77,75.842,-1.158
304,70,53.827,-16.173
305,44,43.109,-0.891
306,64,67.292,3.292
307,54,61.656,7.656
308,32,38.288,6.288
309,90,91.711,1.711
310,21,29.934,8.934
311,46,43.39,-2.61
312,45,50.813,5.813
313,33,39.721,6.721
314,69,55.615,-13.385
315,69,63.95,-5.05
316,19,22.857,3.857
317,87,88.117,1.117
318,90,87.822,-2.178
319,89,92.381,3.381
320,66,59.15,-6.85
321,84,86.971,2.971
322,84,74.238,-9.762
323,89,88.04,-0.96
324,33,27.294,-5.706
325,81,83.722,2.722
326,39,47.123,8.123
327,79,83.585,4.585
328,73,67.848,-5.152
329,72,70.878,-1.122
330,55,54.946,-0.054
331,39,42.34,3.34
332,82,83.523,1.523
333,78,76.246,-1.754
334,39,51.608,12.608
335,50,55.731,5.731
336,51,51.851,0.851
337,34,43.352,9.352
338,75,68.399,-6.601
339,44,49.925,5.925
340,43,57.641,14.641
341,84,81.425,-2.575
342,41,42.928,1.928
343,43,37.629,-5.371
344,46,52.403,6.403
345,73,72.711,-0.289
346,61,56.495,-4.505
347,60,69,9
348,32,34.727,2.727
349,82,75.078,-6.922
350,66,74.952,8.952
351,46,41.778,-4.222
352,62,61.67,-0.33
353,64,56.203,-7.797
354,97,89.024,-7.976
355,50,50.273,0.273
356,70,59.6,-10.4
357,16,28.412,12.412
358,41,50.435,9.435
359,87,80.153,-6.847
360,80,86.878,6.878
361,69,63.071,-5.929
362,66,66.233,0.233
363,53,59.801,6.801
364,64,64.355,0.355
365,60,64.193,4.193
366,66,57.982,-8.018
367,75,80.805,5.805
368,80,74.538,-5.462
369,84,89.429,5.429
370,57,65.499,8.499
371,57,59.776,2.776
372,37,48.858,11.858
