inst#,actual,predicted,error
1,86,81.861,-4.139
2,84,82.534,-1.466
3,77,72.445,-4.555
4,50,50.85,0.85
5,79,70.422,-8.578
6,87,89.076,2.076
7,42,44.004,2.004
8,64,72.87,8.87
9,84,81.427,-2.573
10,41,37.325,-3.675
11,86,89.076,3.076
12,79,66.167,-12.833
13,54,63.743,9.743
14,87,86.244,-0.756
15,70,65.501,-4.499
16,59,54.872,-4.128
17,88,86.489,-1.511
18,73,67.595,-5.405
19,72,71.216,-0.784
20,62,52.343,-9.657
21,82,81.777,-0.223
22,84,80.384,-3.616
23,70,70.614,0.614
24,37,41.199,4.199
25,87,86.504,-0.496
26,87,76.533,-10.467
27,82,75.839,-6.161
28,21,31.284,10.284
29,43,36.92,-6.08
30,39,39.911,0.911
31,78,87.006,9.006
32,41,48.24,7.24
33,45,51.184,6.184
34,87,81.003,-5.997
35,90,87.413,-2.587
36,53,49.576,-3.424
37,48,53.507,5.507
38,33,29.38,-3.62
39,39,37.325,-1.675
40,77,85.836,8.836
41,81,80.384,-0.616
42,77,71.269,-5.731
43,46,53.1,7.1
44,37,43.026,6.026
45,93,88.217,-4.783
46,37,53.223,16.223
47,71,69.688,-1.312
48,54,59.687,5.687
49,59,61.979,2.979
50,61,68.397,7.397
51,43,42.41,-0.59
52,61,57.638,-3.362
53,59,66.981,7.981
54,64,68.705,4.705
55,61,68.919,7.919
56,77,85.142,8.142
57,71,65.563,-5.437
58,73,80.118,7.118
59,42,49.821,7.821
60,44,51.308,7.308
61,36,38.168,2.168
62,39,49.856,10.856
63,55,35.113,-19.887
64,96,92.032,-3.968
65,93,86.697,-6.303
66,57,69.687,12.687
67,55,47.94,-7.06
68,44,48.373,4.373
69,46,42.094,-3.906
70,64,65.36,1.36
71,91,82.17,-8.83
72,80,78.342,-1.658
73,87,85.836,-1.164
74,61,53.444,-7.556
75,57,67.081,10.081
76,41,50.109,9.109
77,90,82.407,-7.593
78,42,35.113,-6.887
79,69,71.421,2.421
80,55,62.39,7.39
81,63,64.237,1.237
82,30,38.491,8.491
83,53,54.456,1.456
84,95,89.284,-5.716
85,33,38.55,5.55
86,87,86.64,-0.36
87,79,78.278,-0.722
88,84,84.889,0.889
89,64,66.167,2.167
90,84,88.801,4.801
91,73,53.555,-19.445
92,75,86.504,11.504
93,75,79.953,4.953
94,24,25.458,1.458
95,48,54.392,6.392
96,57,42.841,-14.159
97,34,51.31,17.31
98,27,29.274,2.274
99,46,49.195,3.195
100,89,79.758,-9.242
101,89,82.787,-6.213
102,36,36.036,0.036
103,84,89.217,5.217
104,84,82.534,-1.466
105,80,81.821,1.821
106,28,35.023,7.023
107,93,87.715,-5.285
108,88,80.113,-7.887
109,45,46.712,1.712
110,41,54.053,13.053
111,91,78.771,-12.229
112,81,82.731,1.731
113,82,81.726,-0.274
114,90,80.719,-9.281
115,81,87.48,6.48
116,89,86.669,-2.331
117,91,87.22,-3.78
118,39,46.501,7.501
119,60,55.064,-4.936
120,35,42.862,7.862
121,53,64.349,11.349
122,70,82.143,12.143
123,82,78.558,-3.442
124,84,78.961,-5.039
125,81,87.599,6.599
126,91,86.244,-4.756
127,25,31.056,6.056
128,44,42.386,-1.614
129,39,40.045,1.045
130,52,47.394,-4.606
131,41,36.232,-4.768
132,48,52.235,4.235
133,52,53.398,1.398
134,35,49.954,14.954
135,66,60.817,-5.183
136,60,52.705,-7.295
137,64,59.897,-4.103
138,43,55.512,12.512
139,66,66.409,0.409
140,44,55.657,11.657
141,93,89.217,-3.783
142,73,71.047,-1.953
143,68,69.878,1.878
144,81,78.237,-2.763
145,97,87.522,-9.478
146,91,88.684,-2.316
147,46,56.891,10.891
148,93,88.406,-4.594
149,46,49.098,3.098
150,91,86.655,-4.345
151,18,30.374,12.374
152,84,84.415,0.415
153,34,30.494,-3.506
154,66,55.793,-10.207
155,82,83.136,1.136
156,87,87.55,0.55
157,42,48.626,6.626
158,55,45.724,-9.276
159,72,83.035,11.035
160,55,61.976,6.976
161,86,81.003,-4.997
162,84,92.531,8.531
163,57,53.973,-3.027
164,53,48.316,-4.684
165,33,36.679,3.679
166,71,53.31,-17.69
167,95,88.304,-6.696
168,68,56.791,-11.209
169,75,68.996,-6.004
170,39,40.796,1.796
171,84,87.303,3.303
172,52,63.934,11.934
173,82,82.17,0.17
174,77,79.402,2.402
175,82,82.869,0.869
176,70,84.08,14.08
177,80,69.35,-10.65
178,52,46.41,-5.59
179,91,89.09,-1.91
180,55,61.897,6.897
181,34,46.238,12.238
182,64,77.52,13.52
183,62,59.968,-2.032
184,75,84.077,9.077
185,91,79.139,-11.861
186,73,82.787,9.787
187,48,54.998,6.998
188,89,89.076,0.076
189,59,71.635,12.635
190,62,50.97,-11.03
191,64,67.049,3.049
192,42,51.524,9.524
193,32,39.911,7.911
194,46,45.676,-0.324
195,77,87.006,10.006
196,33,37.827,4.827
197,82,86.64,4.64
198,88,80.957,-7.043
199,73,66.403,-6.597
200,71,83.005,12.005
201,55,54.49,-0.51
202,69,67.073,-1.927
203,77,73.685,-3.315
204,70,80.462,10.462
205,30,28.657,-1.343
206,42,47.156,5.156
207,91,86.715,-4.285
208,68,72.479,4.479
209,68,82.383,14.383
210,55,38.577,-16.423
211,54,62.456,8.456
212,68,65.563,-2.437
213,96,89.076,-6.924
214,60,54.481,-5.519
215,30,43.171,13.171
216,69,73.127,4.127
217,77,73.31,-3.69
218,55,57.728,2.728
219,30,50.942,20.942
220,61,64.688,3.688
221,37,41.777,4.777
222,75,83.2,8.2
223,88,78.558,-9.442
224,89,81.795,-7.205
225,51,50.907,-0.093
226,43,39.134,-3.866
227,88,79.837,-8.163
228,93,86.244,-6.756
229,86,77.869,-8.131
230,71,67.574,-3.426
231,72,55.897,-16.103
232,75,78.116,3.116
233,48,45.666,-2.334
234,64,75.149,11.149
235,55,66.008,11.008
236,57,62.458,5.458
237,77,82.971,5.971
238,75,66.975,-8.025
239,82,70.901,-11.099
240,63,59.772,-3.228
241,79,81.544,2.544
242,32,30.374,-1.626
243,62,65.496,3.496
244,82,82.856,0.856
245,57,56.75,-0.25
246,82,89.209,7.209
247,80,82.383,2.383
248,57,48.477,-8.523
249,41,50.289,9.289
250,62,50.382,-11.618
251,37,35.113,-1.887
252,57,63.791,6.791
253,82,80.293,-1.707
254,60,61.799,1.799
255,79,83.249,4.249
256,64,64.536,0.536
257,48,47.122,-0.878
258,54,49.689,-4.311
259,46,44.5,-1.5
260,50,49.354,-0.646
261,66,61.944,-4.056
262,57,70.697,13.697
263,81,82.507,1.507
264,43,45.724,2.724
265,62,50.14,-11.86
266,52,51.41,-0.59
267,41,37.979,-3.021
268,50,53.822,3.822
269,88,70.817,-17.183
270,57,46.774,-10.226
271,39,40.397,1.397
272,54,49.677,-4.323
273,53,51.065,-1.935
274,46,47.13,1.13
275,95,81.726,-13.274
276,30,24.918,-5.082
277,79,75.349,-3.651
278,66,66.792,0.792
279,75,79.54,4.54
280,70,83.249,13.249
281,80,84.247,4.247
282,37,33.783,-3.217
283,57,59.786,2.786
284,52,53.856,1.856
285,57,50.97,-6.03
286,82,90.296,8.296
287,57,54.272,-2.728
288,82,81.403,-0.597
289,60,62.691,2.691
290,53,56.247,3.247
291,68,67.153,-0.847
292,57,43.485,-13.515
293,84,81.556,-2.444
294,64,63.601,-0.399
295,68,72.127,4.127
296,39,39.911,0.911
297,51,47.041,-3.959
298,70,68.129,-1.871
299,51,67.405,16.405
300,46,54.135,8.135
301,86,81.556,-4.444
302,78,72.434,-5.566
303,77,81.556,4.556
304,70,54.984,-15.016
305,44,45.734,1.734
306,64,69.124,5.124
307,54,63.916,9.916
308,32,39.284,7.284
309,90,89.076,-0.924
310,21,31.521,10.521
311,46,43.003,-2.997
312,45,52.594,7.594
313,33,37.325,4.325
314,69,52.451,-16.549
315,69,66.663,-2.337
316,19,23.582,4.582
317,87,87.303,0.303
318,90,86.717,-3.283
319,89,89.518,0.518
320,66,54.392,-11.608
321,84,85.723,1.723
322,84,76.299,-7.701
323,89,86.857,-2.143
324,33,31.427,-1.573
325,81,84.742,3.742
326,39,44.458,5.458
327,79,82.383,3.383
328,73,67.86,-5.14
329,72,68.098,-3.902
330,55,53.134,-1.866
331,39,41.712,2.712
332,82,81.47,-0.53
333,78,77.612,-0.388
334,39,49.825,10.825
335,50,54.774,4.774
336,51,52.682,1.682
337,34,48.626,14.626
338,75,69.207,-5.793
339,44,54.302,10.302
340,43,46.572,3.572
341,84,83.249,-0.751
342,41,37.941,-3.059
343,43,39.829,-3.171
344,46,50.797,4.797
345,73,76.735,3.735
346,61,54.452,-6.548
347,60,71.983,11.983
348,32,36.235,4.235
349,82,76.472,-5.528
350,66,71.177,5.177
351,46,43.202,-2.798
352,62,59.127,-2.873
353,64,54.238,-9.762
354,97,90.899,-6.101
355,50,53.49,3.49
356,70,64.816,-5.184
357,16,31.284,15.284
358,41,54.541,13.541
359,87,82.756,-4.244
360,80,87.354,7.354
361,69,63.298,-5.702
362,66,66.888,0.888
363,53,60.133,7.133
364,64,59.519,-4.481
365,60,65.36,5.36
366,66,52.198,-13.802
367,75,77.953,2.953
368,80,78.849,-1.151
369,84,87.171,3.171
370,57,64.88,7.88
371,57,49.39,-7.61
372,37,48.098,11.098
