inst#,actual,predicted,error
1,86,84.962,-1.038
2,84,85.425,1.425
3,77,72.384,-4.616
4,50,51.252,1.252
5,79,71.819,-7.181
6,87,90.935,3.935
7,42,44.527,2.527
8,64,74.738,10.738
9,84,84.203,0.203
10,41,42.204,1.204
11,86,91.121,5.121
12,79,68.503,-10.497
13,54,64.997,10.997
14,87,88.524,1.524
15,70,68.01,-1.99
16,59,58.107,-0.893
17,88,87.94,-0.06
18,73,70.986,-2.014
19,72,75.369,3.369
20,62,56.938,-5.062
21,82,84.98,2.98
22,84,83.047,-0.953
23,70,74.632,4.632
24,37,43.309,6.309
25,87,86.445,-0.555
26,87,78.707,-8.293
27,82,74.686,-7.314
28,21,36.706,15.706
29,43,41.83,-1.17
30,39,41.512,2.512
31,78,86.196,8.196
32,41,47.547,6.547
33,45,45.422,0.422
34,87,84.442,-2.558
35,90,88.482,-1.518
36,53,52.472,-0.528
37,48,54.663,6.663
38,33,35.73,2.73
39,39,43.598,4.598
40,77,86.037,9.037
41,81,84.726,3.726
42,77,75.633,-1.367
43,46,63.722,17.722
44,37,46.121,9.121
45,93,87.373,-5.627
46,37,51.384,14.384
47,71,74.838,3.838
48,54,62.719,8.719
49,59,62.392,3.392
50,61,69.215,8.215
51,43,44.78,1.78
52,61,59.634,-1.366
53,59,63.446,4.446
54,64,71.497,7.497
55,61,69.303,8.303
56,77,86.21,9.21
57,71,66.549,-4.451
58,73,81.226,8.226
59,42,52.101,10.101
60,44,50.193,6.193
61,36,42.056,6.056
62,39,45.435,6.435
63,55,40.431,-14.569
64,96,91.028,-4.972
65,93,85.961,-7.039
66,57,74.87,17.87
67,55,47.875,-7.125
68,44,45.964,1.964
69,46,47.755,1.755
70,64,66.175,2.175
71,91,83.033,-7.967
72,80,77.466,-2.534
73,87,86.016,-0.984
74,61,54.066,-6.934
75,57,71.037,14.037
76,41,43.814,2.814
77,90,81.513,-8.487
78,42,40.245,-1.755
79,69,72.503,3.503
80,55,70.062,15.062
81,63,65.033,2.033
82,30,39.295,9.295
83,53,57.169,4.169
84,95,89.107,-5.893
85,33,38.405,5.405
86,87,87.417,0.417
87,79,80.183,1.183
88,84,86.035,2.035
89,64,68.138,4.138
90,84,89.046,5.046
91,73,56.714,-16.286
92,75,86.327,11.327
93,75,83.726,8.726
94,24,33.791,9.791
95,48,61.19,13.19
96,57,47.937,-9.063
97,34,46.522,12.522
98,27,33.788,6.788
99,46,49.892,3.892
100,89,83.731,-5.269
101,89,82.192,-6.808
102,36,41.486,5.486
103,84,90.282,6.282
104,84,84.945,0.945
105,80,84.488,4.488
106,28,37.746,9.746
107,93,89.583,-3.417
108,88,79.782,-8.218
109,45,42.536,-2.464
110,41,50.807,9.807
111,91,84.409,-6.591
112,81,79.778,-1.222
113,82,84.03,2.03
114,90,85.561,-4.439
115,81,88.435,7.435
116,89,88.659,-0.341
117,91,89.269,-1.731
118,39,50.997,11.997
119,60,59.554,-0.446
120,35,41.407,6.407
121,53,61.147,8.147
122,70,83.79,13.79
123,82,79.501,-2.499
124,84,78.053,-5.947
125,81,87.427,6.427
126,91,88.548,-2.452
127,25,36.544,11.544
128,44,44.853,0.853
129,39,39.912,0.912
130,52,51.423,-0.577
131,41,40.222,-0.778
132,48,53.047,5.047
133,52,55.585,3.585
134,35,51.639,16.639
135,66,66.628,0.628
136,60,53.145,-6.855
137,64,62.942,-1.058
138,43,54.831,11.831
139,66,69.882,3.882
140,44,55.366,11.366
141,93,90.357,-2.643
142,73,70.283,-2.717
143,68,69.226,1.226
144,81,77.179,-3.821
145,97,90.876,-6.124
146,91,89.75,-1.25
147,46,61.642,15.642
148,93,91.074,-1.926
149,46,56.861,10.861
150,91,87.812,-3.188
151,18,34.008,16.008
152,84,87.854,3.854
153,34,36.927,2.927
154,66,60.089,-5.911
155,82,82.322,0.322
156,87,86.071,-0.929
157,42,49.911,7.911
158,55,45.951,-9.049
159,72,84.9,12.9
160,55,63.6,8.6
161,86,83.13,-2.87
162,84,91.321,7.321
163,57,57.311,0.311
164,53,47.874,-5.126
165,33,39.828,6.828
166,71,55.327,-15.673
167,95,88.278,-6.722
168,68,57.177,-10.823
169,75,72.475,-2.525
170,39,45.28,6.28
171,84,88.027,4.027
172,52,67.521,15.521
173,82,83.686,1.686
174,77,77.51,0.51
175,82,84.649,2.649
176,70,85.891,15.891
177,80,72.71,-7.29
178,52,49.557,-2.443
179,91,88.342,-2.658
180,55,63.382,8.382
181,34,46.7,12.7
182,64,77.434,13.434
183,62,61.83,-0.17
184,75,84.374,9.374
185,91,80.533,-10.467
186,73,82.125,9.125
187,48,59.544,11.544
188,89,89.705,0.705
189,59,73.029,14.029
190,62,57.259,-4.741
191,64,67.014,3.014
192,42,52.921,10.921
193,32,41.611,9.611
194,46,45.84,-0.16
195,77,86.196,9.196
196,33,38.303,5.303
197,82,87.417,5.417
198,88,81.119,-6.881
199,73,71.701,-1.299
200,71,83.992,12.992
201,55,59.872,4.872
202,69,67.245,-1.755
203,77,75.686,-1.314
204,70,80.063,10.063
205,30,34.429,4.429
206,42,49.872,7.872
207,91,87.553,-3.447
208,68,74.873,6.873
209,68,83.871,15.871
210,55,39.799,-15.201
211,54,63.75,9.75
212,68,66.535,-1.465
213,96,94.911,-1.089
214,60,54.085,-5.915
215,30,41.429,11.429
216,69,76.406,7.406
217,77,76.533,-0.467
218,55,59.028,4.028
219,30,46.58,16.58
220,61,67.633,6.633
221,37,40.493,3.493
222,75,84.803,9.803
223,88,79.501,-8.499
224,89,82.934,-6.066
225,51,53.787,2.787
226,43,41.357,-1.643
227,88,83.808,-4.192
228,93,88.506,-4.494
229,86,79.656,-6.344
230,71,66.723,-4.277
231,72,60.251,-11.749
232,75,84.848,9.848
233,48,46.709,-1.291
234,64,76.021,12.021
235,55,66.091,11.091
236,57,63.189,6.189
237,77,84.287,7.287
238,75,68.257,-6.743
239,82,71.905,-10.095
240,63,60.567,-2.433
241,79,83.282,4.282
242,32,34.711,2.711
243,62,69.259,7.259
244,82,80.07,-1.93
245,57,59.33,2.33
246,82,89.827,7.827
247,80,84.566,4.566
248,57,50.242,-6.758
249,41,54.194,13.194
250,62,50.734,-11.266
251,37,39.046,2.046
252,57,63.219,6.219
253,82,83.037,1.037
254,60,62.686,2.686
255,79,82.899,3.899
256,64,65.462,1.462
257,48,60.77,12.77
258,54,51.92,-2.08
259,46,42.665,-3.335
260,50,61.957,11.957
261,66,61.792,-4.208
262,57,70.742,13.742
263,81,79.778,-1.222
264,43,46.674,3.674
265,62,51.034,-10.966
266,52,57.899,5.899
267,41,40.231,-0.769
268,50,59.547,9.547
269,88,74.881,-13.119
270,57,48.23,-8.77
271,39,39.974,0.974
272,54,59.001,5.001
273,53,51.289,-1.711
274,46,46.336,0.336
275,95,84.03,-10.97
276,30,33.656,3.656
277,79,75.103,-3.897
278,66,67.763,1.763
279,75,78.091,3.091
280,70,82.492,12.492
281,80,85.408,5.408
282,37,38.973,1.973
283,57,62.624,5.624
284,52,53.495,1.495
285,57,57.763,0.763
286,82,88.978,6.978
287,57,59.58,2.58
288,82,82.164,0.164
289,60,63.92,3.92
290,53,57.905,4.905
291,68,73.08,5.08
292,57,42.515,-14.485
293,84,78.751,-5.249
294,64,63.336,-0.664
295,68,79.334,11.334
296,39,42.329,3.329
297,51,50.881,-0.119
298,70,64.96,-5.04
299,51,66.213,15.213
300,46,51.899,5.899
301,86,79.108,-6.892
302,78,71.38,-6.62
303,77,78.263,1.263
304,70,54.881,-15.119
305,44,44.509,0.509
306,64,69.238,5.238
307,54,64.497,10.497
308,32,41.331,9.331
309,90,90.637,0.637
310,21,35.583,14.583
311,46,44.847,-1.153
312,45,52.006,7.006
313,33,42.082,9.082
314,69,57.936,-11.064
315,69,66.774,-2.226
316,19,33.492,14.492
317,87,88.054,1.054
318,90,86.619,-3.381
319,89,90.93,1.93
320,66,61.19,-4.81
321,84,86.291,2.291
322,84,76.639,-7.361
323,89,88.326,-0.674
324,33,35.053,2.053
325,81,86.649,5.649
326,39,47.758,8.758
327,79,84.598,5.598
328,73,70.659,-2.341
329,72,73.523,1.523
330,55,55.279,0.279
331,39,43.678,4.678
332,82,85.166,3.166
333,78,78.695,0.695
334,39,52.747,13.747
335,50,57.013,7.013
336,51,54.242,3.242
337,34,45.102,11.102
338,75,71.885,-3.115
339,44,52.124,8.124
340,43,59.717,16.717
341,84,82.687,-1.313
342,41,43.945,2.945
343,43,40.222,-2.778
344,46,53.681,7.681
345,73,75.353,2.353
346,61,58.409,-2.591
347,60,71.416,11.416
348,32,38.147,6.147
349,82,78.003,-3.997
350,66,76.298,10.298
351,46,43.794,-2.206
352,62,66.14,4.14
353,64,58.438,-5.562
354,97,91.386,-5.614
355,50,51.328,1.328
356,70,63.115,-6.885
357,16,34.67,18.67
358,41,51.93,10.93
359,87,81.733,-5.267
360,80,86.236,6.236
361,69,66.905,-2.095
362,66,68.872,2.872
363,53,60.092,7.092
364,64,65.568,1.568
365,60,66.139,6.139
366,66,59.635,-6.365
367,75,83.44,8.44
368,80,76.858,-3.142
369,84,87.517,3.517
370,57,66.999,9.999
371,57,58.977,1.977
372,37,49.4,12.4
