inst#,actual,predicted,error
1,63,61.56,-1.44
2,63,62.107,-0.893
3,47,45.7,-1.3
4,21,21.972,0.972
5,42,40.522,-1.478
6,68,65.121,-2.879
7,14,13.296,-0.704
8,43,45.47,2.47
9,52,56.446,4.446
10,9,4.086,-4.914
11,68,60.455,-7.545
12,36,38.024,2.024
13,32,33.655,1.655
14,69,66.095,-2.905
15,28,32.003,4.003
16,21,21.118,0.118
17,67,67.589,0.589
18,45,41.776,-3.224
19,41,41.308,0.308
20,32,29.246,-2.754
21,48,54.311,6.311
22,49,48.079,-0.921
23,45,46.494,1.494
24,12,9.259,-2.741
25,66,64.75,-1.25
26,52,49.292,-2.708
27,47,44.195,-2.805
28,5,5.52,0.52
29,17,10.307,-6.693
30,7,8.799,1.799
31,58,62.962,4.962
32,19,12.503,-6.497
33,18,14.609,-3.391
34,60,55.629,-4.371
35,56,55.416,-0.584
36,12,23.432,11.432
37,30,21.094,-8.906
38,0,-2.385,-2.385
39,9,1.687,-7.313
40,60,61.258,1.258
41,47,49.127,2.127
42,42,49.266,7.266
43,41,36.978,-4.022
44,12,15.064,3.064
45,64,63.139,-0.861
46,23,19.766,-3.234
47,43,43.7,0.7
48,27,28.86,1.86
49,38,28.701,-9.299
50,37,34.131,-2.869
51,10,10.865,0.865
52,28,27.509,-0.491
53,22,29.853,7.853
54,43,36.912,-6.088
55,42,37.135,-4.865
56,62,63.79,1.79
57,31,24.539,-6.461
58,53,50.834,-2.166
59,25,22.863,-2.137
60,16,14.646,-1.354
61,10,11.287,1.287
62,20,12.263,-7.737
63,0,8.505,8.505
64,65,61.95,-3.05
65,65,59.617,-5.383
66,50,50.601,0.601
67,19,18.442,-0.558
68,13,8.084,-4.916
69,9,19.542,10.542
70,37,34.942,-2.058
71,56,55.081,-0.919
72,46,46.804,0.804
73,60,60.973,0.973
74,27,21.025,-5.975
75,48,40.979,-7.021
76,16,12.53,-3.47
77,57,53.666,-3.334
78,10,4.091,-5.909
79,39,37.691,-1.309
80,40,33.229,-6.771
81,34,36.056,2.056
82,5,6.784,1.784
83,17,24.435,7.435
84,69,67.865,-1.135
85,-1,3.71,4.71
86,63,62.887,-0.113
87,51,48.753,-2.247
88,61,60.052,-0.948
89,38,36.056,-1.944
90,56,61.829,5.829
91,28,27.019,-0.981
92,66,64.141,-1.859
93,36,54.433,18.433
94,-10,-4.685,5.315
95,34,32.109,-1.891
96,20,19.893,-0.107
97,20,9.734,-10.266
98,-6,-0.389,5.611
99,23,19.27,-3.73
100,53,52.813,-0.187
101,56,53.981,-2.019
102,18,11.523,-6.477
103,65,66.001,1.001
104,57,58.435,1.435
105,56,55.75,-0.25
106,-2,-1.764,0.236
107,57,56.406,-0.594
108,51,54.081,3.081
109,14,13.823,-0.177
110,20,20.674,0.674
111,57,55.983,-1.017
112,55,52.404,-2.596
113,54,57.205,3.205
114,39,60.924,21.924
115,58,63.517,5.517
116,67,62.588,-4.412
117,60,63.611,3.611
118,19,17.824,-1.176
119,32,26.034,-5.966
120,14,8.031,-5.969
121,31,26.974,-4.026
122,55,57.045,2.045
123,52,53.428,1.428
124,50,48.305,-1.695
125,64,59.246,-4.754
126,68,67.412,-0.588
127,-1,3.382,4.382
128,8,7.504,-0.496
129,15,2.199,-12.801
130,19,22.636,3.636
131,11,10.669,-0.331
132,15,14.914,-0.086
133,25,23.829,-1.171
134,31,22.777,-8.223
135,42,36.301,-5.699
136,25,23.142,-1.858
137,38,27.157,-10.843
138,21,25.242,4.242
139,38,40.168,2.168
140,31,23.237,-7.763
141,66,60.246,-5.754
142,41,39.537,-1.463
143,36,42.27,6.27
144,49,49.044,0.044
145,57,52.373,-4.627
146,66,62.547,-3.453
147,36,33.03,-2.97
148,62,62.212,0.212
149,33,26.225,-6.775
150,59,57.814,-1.186
151,-2,-6.561,-4.561
152,42,51.413,9.413
153,3,4.849,1.849
154,31,27.921,-3.079
155,58,55.7,-2.3
156,64,63.629,-0.371
157,22,16.597,-5.403
158,13,8.504,-4.496
159,59,60.955,1.955
160,30,32.712,2.712
161,58,52.267,-5.733
162,62,63.432,1.432
163,30,25.832,-4.168
164,19,16.592,-2.408
165,10,4.034,-5.966
166,25,21.132,-3.868
167,63,62.307,-0.693
168,26,21.578,-4.422
169,38,39.572,1.572
170,18,2.234,-15.766
171,65,67.119,2.119
172,44,40.443,-3.557
173,58,56.472,-1.528
174,47,47.886,0.886
175,44,58.838,14.838
176,65,62.237,-2.763
177,24,38.164,14.164
178,27,19.055,-7.945
179,62,63.109,1.109
180,35,27.812,-7.188
181,19,15.173,-3.827
182,53,49.783,-3.217
183,34,29.873,-4.127
184,62,57.455,-4.545
185,52,54.234,2.234
186,59,53.914,-5.086
187,14,29.168,15.168
188,70,66.178,-3.822
189,48,42.999,-5.001
190,27,22.119,-4.881
191,36,35.953,-0.047
192,20,21.784,1.784
193,7,10.592,3.592
194,10,15.242,5.242
195,58,62.902,4.902
196,-4,1.49,5.49
197,63,62.277,-0.723
198,45,47.064,2.064
199,35,30.722,-4.278
200,61,58.558,-2.442
201,26,25.97,-0.03
202,41,38.73,-2.27
203,34,48.144,14.144
204,50,50.411,0.411
205,-8,-4.384,3.616
206,20,16.597,-3.403
207,61,58.569,-2.431
208,37,45.716,8.716
209,60,58.729,-1.271
210,8,8.842,0.842
211,32,27.392,-4.608
212,32,23.072,-8.928
213,73,68.453,-4.547
214,26,23.468,-2.532
215,14,13.192,-0.808
216,44,46.488,2.488
217,51,49.076,-1.924
218,31,26.3,-4.7
219,20,11.51,-8.49
220,32,34.085,2.085
221,14,12.212,-1.788
222,58,56.816,-1.184
223,52,53.754,1.754
224,55,54.302,-0.698
225,20,20.608,0.608
226,8,9.918,1.918
227,28,44.706,16.706
228,69,67.192,-1.808
229,53,48.81,-4.19
230,40,38.52,-1.48
231,28,22.983,-5.017
232,54,50.193,-3.807
233,20,17.149,-2.851
234,49,45.419,-3.581
235,37,34.653,-2.347
236,33,34.295,1.295
237,62,56.727,-5.273
238,38,38.543,0.543
239,46,39.071,-6.929
240,22,22.443,0.443
241,48,53.96,5.96
242,-3,-0.225,2.775
243,44,39.35,-4.65
244,56,53.58,-2.42
245,30,24.842,-5.158
246,63,63.955,0.955
247,59,55.336,-3.664
248,18,20.94,2.94
249,32,19.058,-12.942
250,21,19.891,-1.109
251,3,4.579,1.579
252,37,34.295,-2.705
253,47,50.005,3.005
254,30,28.927,-1.073
255,58,56.317,-1.683
256,38,32.523,-5.477
257,38,33.049,-4.951
258,26,22.32,-3.68
259,14,14.823,0.823
260,39,33.565,-5.435
261,33,31.808,-1.192
262,40,40.323,0.323
263,56,52.404,-3.596
264,13,12.017,-0.983
265,17,19.73,2.73
266,29,24.643,-4.357
267,7,10.669,3.669
268,28,32.131,4.131
269,46,48.831,2.831
270,20,18.108,-1.892
271,14,10.315,-3.685
272,33,25.759,-7.241
273,18,21.095,3.095
274,19,17.984,-1.016
275,54,58.841,4.841
276,-10,-4.607,5.393
277,46,46.048,0.048
278,39,36.489,-2.511
279,55,48.048,-6.952
280,59,57.504,-1.496
281,65,62.544,-2.456
282,-2,6.363,8.363
283,28,29.098,1.098
284,18,25.819,7.819
285,27,25.563,-1.437
286,53,63.816,10.816
287,30,28.187,-1.813
288,48,48.239,0.239
289,32,32.352,0.352
290,31,27.366,-3.634
291,36,36.059,0.059
292,13,13.13,0.13
293,54,52.626,-1.374
294,33,31.627,-1.373
295,45,47.175,2.175
296,5,8.965,3.965
297,26,19.891,-6.109
298,24,28.285,4.285
299,39,38.81,-0.19
300,23,21.576,-1.424
301,56,52.696,-3.304
302,42,41.687,-0.313
303,53,51.434,-1.566
304,28,21.56,-6.44
305,17,10.851,-6.149
306,36,37.75,1.75
307,34,30.543,-3.457
308,10,9.217,-0.783
309,70,62.774,-7.226
310,1,2.995,1.995
311,12,13.808,1.808
312,26,23.765,-2.235
313,5,6.447,1.447
314,30,24.966,-5.034
315,36,24.017,-11.983
316,-14,-5.398,8.602
317,65,63.934,-1.066
318,49,63.345,14.345
319,54,66.253,12.253
320,34,27.805,-6.195
321,59,61.207,2.207
322,49,49.637,0.637
323,61,62.394,1.394
324,-2,0.375,2.375
325,53,56.985,3.985
326,14,12.71,-1.29
327,58,56.018,-1.982
328,33,39.296,6.296
329,46,40.991,-5.009
330,15,23.859,8.859
331,13,12.584,-0.416
332,44,54.709,10.709
333,53,51.266,-1.734
334,28,25.955,-2.045
335,30,25.023,-4.977
336,27,23.921,-3.079
337,16,10.171,-5.829
338,46,38.372,-7.628
339,30,22.06,-7.94
340,37,35.351,-1.649
341,59,57.062,-1.938
342,11,16.84,5.84
343,13,8.754,-4.246
344,30,20.643,-9.357
345,49,47.786,-1.214
346,31,22.833,-8.167
347,42,43.568,1.568
348,8,4.738,-3.262
349,52,47.935,-4.065
350,34,48.789,14.789
351,13,11.794,-1.206
352,34,24.83,-9.17
353,28,25.646,-2.354
354,64,60.954,-3.046
355,21,24.367,3.367
356,37,31.722,-5.278
357,4,-5.833,-9.833
358,24,21.055,-2.945
359,56,53.988,-2.012
360,65,63.654,-1.346
361,37,35.845,-1.155
362,42,39.248,-2.752
363,15,24.856,9.856
364,17,35.243,18.243
365,35,34.663,-0.337
366,33,26.557,-6.443
367,58,52.414,-5.586
368,47,47.491,0.491
369,66,65.478,-0.522
370,31,37.571,6.571
371,7,28.829,21.829
372,18,16.432,-1.568
