inst#,actual,predicted,error
1,63,58.857,-4.143
2,63,66,3
3,47,44.714,-2.286
4,21,22.25,1.25
5,42,40.615,-1.385
6,68,66,-2
7,14,13.222,-0.778
8,43,44.714,1.714
9,52,58.857,6.857
10,9,-0.5,-9.5
11,68,62.1,-5.9
12,36,38.465,2.465
13,32,33.714,1.714
14,69,66,-3
15,28,38.465,10.465
16,21,22.25,1.25
17,67,66,-1
18,45,38.465,-6.535
19,41,38.465,-2.535
20,32,28.622,-3.378
21,48,58.074,10.074
22,49,49.125,0.125
23,45,44.714,-0.286
24,12,13.222,1.222
25,66,66,0
26,52,48.429,-3.571
27,47,44.714,-2.286
28,5,2.636,-2.364
29,17,13.222,-3.778
30,7,8.632,1.632
31,58,62.1,4.1
32,19,13.222,-5.778
33,18,13.222,-4.778
34,60,58.074,-1.926
35,56,55.818,-0.182
36,12,22.25,10.25
37,30,20.882,-9.118
38,0,-5.4,-5.4
39,9,-0.5,-9.5
40,60,62.1,2.1
41,47,49.125,2.125
42,42,48.429,6.429
43,41,36.8,-4.2
44,12,13.154,1.154
45,64,62.1,-1.9
46,23,20.882,-2.118
47,43,38.465,-4.535
48,27,28.622,1.622
49,38,31.375,-6.625
50,37,33.714,-3.286
51,10,13.222,3.222
52,28,26.077,-1.923
53,22,26.077,4.077
54,43,38.465,-4.535
55,42,33.714,-8.286
56,62,62.1,0.1
57,31,25.4,-5.6
58,53,57,4
59,25,20.882,-4.118
60,16,16.6,0.6
61,10,13.222,3.222
62,20,13.222,-6.778
63,0,11,11
64,65,62.1,-2.9
65,65,62.1,-2.9
66,50,47,-3
67,19,17.4,-1.6
68,13,13.154,0.154
69,9,20.882,11.882
70,37,33.714,-3.286
71,56,51.727,-4.273
72,46,38.465,-7.535
73,60,58.074,-1.926
74,27,20.882,-6.118
75,48,45.111,-2.889
76,16,13.222,-2.778
77,57,51.727,-5.273
78,10,-0.5,-10.5
79,39,38.465,-0.535
80,40,25.4,-14.6
81,34,33.714,-0.286
82,5,8.632,3.632
83,17,26.077,9.077
84,69,66,-3
85,-1,2.636,3.636
86,63,62.1,-0.9
87,51,48.429,-2.571
88,61,62.1,1.1
89,38,38.465,0.465
90,56,58.074,2.074
91,28,28.622,0.622
92,66,66,0
93,36,51.727,15.727
94,-10,-5.4,4.6
95,34,31.375,-2.625
96,20,20.882,0.882
97,20,13.154,-6.846
98,-6,-2.571,3.429
99,23,18.833,-4.167
100,53,51.727,-1.273
101,56,51.727,-4.273
102,18,13.222,-4.778
103,65,66,1
104,57,58.857,1.857
105,56,55.818,-0.182
106,-2,-5.4,-3.4
107,57,55.818,-1.182
108,51,52.148,1.148
109,14,13.222,-0.778
110,20,20.882,0.882
111,57,55.818,-1.182
112,55,52.148,-2.852
113,54,58.074,4.074
114,39,58.857,19.857
115,58,62.1,4.1
116,67,62.1,-4.9
117,60,62.1,2.1
118,19,20.882,1.882
119,32,28.622,-3.378
120,14,9.364,-4.636
121,31,28.622,-2.378
122,55,57,2
123,52,52.148,0.148
124,50,48.429,-1.571
125,64,62.1,-1.9
126,68,66,-2
127,-1,2.636,3.636
128,8,8.632,0.632
129,15,9.364,-5.636
130,19,20.882,1.882
131,11,13.222,2.222
132,15,16.6,1.6
133,25,20.882,-4.118
134,31,20.882,-10.118
135,42,38.465,-3.535
136,25,22.25,-2.75
137,38,31.375,-6.625
138,21,26.077,5.077
139,38,40.615,2.615
140,31,26.077,-4.923
141,66,62.1,-3.9
142,41,38.8,-2.2
143,36,38.465,2.465
144,49,52.148,3.148
145,57,49,-8
146,66,62.1,-3.9
147,36,36.8,0.8
148,62,62.1,0.1
149,33,28.622,-4.378
150,59,58.074,-0.926
151,-2,-2.571,-0.571
152,42,55.818,13.818
153,3,2.636,-0.364
154,31,31.375,0.375
155,58,51.727,-6.273
156,64,62.1,-1.9
157,22,20.882,-1.118
158,13,11,-2
159,59,58.857,-0.143
160,30,31.375,1.375
161,58,58.074,0.074
162,62,62.1,0.1
163,30,28.622,-1.378
164,19,13.222,-5.778
165,10,9.364,-0.636
166,25,20.882,-4.118
167,63,62.1,-0.9
168,26,20.882,-5.118
169,38,38.465,0.465
170,18,-0.5,-18.5
171,65,66,1
172,44,45.111,1.111
173,58,51.727,-6.273
174,47,38.465,-8.535
175,44,58.857,14.857
176,65,62.1,-2.9
177,24,38.465,14.465
178,27,20.882,-6.118
179,62,62.1,0.1
180,35,31.375,-3.625
181,19,13.222,-5.778
182,53,47,-6
183,34,28.622,-5.378
184,62,58.074,-3.926
185,52,52.148,0.148
186,59,57,-2
187,14,28.622,14.622
188,70,66,-4
189,48,44.714,-3.286
190,27,28.622,1.622
191,36,38.465,2.465
192,20,20.882,0.882
193,7,8.632,1.632
194,10,13.154,3.154
195,58,62.1,4.1
196,-4,2.636,6.636
197,63,62.1,-0.9
198,45,49.125,4.125
199,35,25.4,-9.6
200,61,58.857,-2.143
201,26,28.622,2.622
202,41,38.714,-2.286
203,34,44.714,10.714
204,50,47,-3
205,-8,-5.4,2.6
206,20,20.882,0.882
207,61,62.1,1.1
208,37,44.714,7.714
209,60,58.074,-1.926
210,8,8.632,0.632
211,32,25.4,-6.6
212,32,25.4,-6.6
213,73,66,-7
214,26,26.077,0.077
215,14,13.222,-0.778
216,44,44.714,0.714
217,51,48.429,-2.571
218,31,28.622,-2.378
219,20,13.154,-6.846
220,32,38.465,6.465
221,14,13.222,-0.778
222,58,58.857,0.857
223,52,52.148,0.148
224,55,51.727,-3.273
225,20,22.25,2.25
226,8,13.222,5.222
227,28,49.125,21.125
228,69,66,-3
229,53,48.429,-4.571
230,40,38.714,-1.286
231,28,20.882,-7.118
232,54,49.125,-4.875
233,20,13.222,-6.778
234,49,44.714,-4.286
235,37,33.714,-3.286
236,33,31.375,-1.625
237,62,55.818,-6.182
238,38,40.615,2.615
239,46,44.714,-1.286
240,22,22.25,0.25
241,48,51.727,3.727
242,-3,-2.571,0.429
243,44,38.465,-5.535
244,56,52.148,-3.852
245,30,22.25,-7.75
246,63,62.1,-0.9
247,59,58.074,-0.926
248,18,17.4,-0.6
249,32,20.882,-11.118
250,21,17.4,-3.6
251,3,-2.571,-5.571
252,37,31.375,-5.625
253,47,51.727,4.727
254,30,33.714,3.714
255,58,58.857,0.857
256,38,25.4,-12.6
257,38,31.375,-6.625
258,26,22.25,-3.75
259,14,13.222,-0.778
260,39,31.375,-7.625
261,33,28.622,-4.378
262,40,38.8,-1.2
263,56,52.148,-3.852
264,13,13.154,0.154
265,17,22.25,5.25
266,29,28.622,-0.378
267,7,13.222,6.222
268,28,31.375,3.375
269,46,48.429,2.429
270,20,20.882,0.882
271,14,8.632,-5.368
272,33,28.622,-4.378
273,18,22.25,4.25
274,19,13.222,-5.778
275,54,58.074,4.074
276,-10,-5.4,4.6
277,46,44.714,-1.286
278,39,38.714,-0.286
279,55,47,-8
280,59,58.074,-0.926
281,65,66,1
282,-2,9.364,11.364
283,28,33.714,5.714
284,18,26.077,8.077
285,27,28.622,1.622
286,53,62.1,9.1
287,30,31.375,1.375
288,48,49.125,1.125
289,32,31.375,-0.625
290,31,28.622,-2.378
291,36,38.465,2.465
292,13,13.222,0.222
293,54,52.148,-1.852
294,33,33.714,0.714
295,45,47,2
296,5,8.632,3.632
297,26,20.882,-5.118
298,24,25.4,1.4
299,39,33.714,-5.286
300,23,20.882,-2.118
301,56,52.148,-3.852
302,42,44.714,2.714
303,53,52.148,-0.852
304,28,26.077,-1.923
305,17,13.222,-3.778
306,36,38.465,2.465
307,34,33.714,-0.286
308,10,8.632,-1.368
309,70,66,-4
310,1,-2.571,-3.571
311,12,13.222,1.222
312,26,20.882,-5.118
313,5,-0.5,-5.5
314,30,28.622,-1.378
315,36,25.4,-10.6
316,-14,-5.4,8.6
317,65,62.1,-2.9
318,49,62.1,13.1
319,54,66,12
320,34,31.375,-2.625
321,59,62.1,3.1
322,49,52.148,3.148
323,61,62.1,1.1
324,-2,-2.571,-0.571
325,53,55.818,2.818
326,14,13.154,-0.846
327,58,58.074,0.074
328,33,40.615,7.615
329,46,38.465,-7.535
330,15,20.882,5.882
331,13,13.222,0.222
332,44,55.818,11.818
333,53,48.429,-4.571
334,28,22.25,-5.75
335,30,26.077,-3.923
336,27,20.882,-6.118
337,16,13.154,-2.846
338,46,38.8,-7.2
339,30,20.882,-9.118
340,37,36.8,-0.2
341,59,58.074,-0.926
342,11,13.222,2.222
343,13,13.222,0.222
344,30,22.25,-7.75
345,49,47,-2
346,31,28.622,-2.378
347,42,45.111,3.111
348,8,2.636,-5.364
349,52,48.429,-3.571
350,34,47,13
351,13,13.222,0.222
352,34,28.622,-5.378
353,28,28.622,0.622
354,64,62.1,-1.9
355,21,20.882,-0.118
356,37,28.622,-8.378
357,4,2.636,-1.364
358,24,20.882,-3.118
359,56,51.727,-4.273
360,65,66,1
361,37,40.615,3.615
362,42,38.465,-3.535
363,15,28.622,13.622
364,17,33.714,16.714
365,35,33.714,-1.286
366,33,31.375,-1.625
367,58,51.727,-6.273
368,47,48.429,1.429
369,66,66,0
370,31,45.111,14.111
371,7,31.375,24.375
372,18,20.882,2.882
