inst#,actual,predicted,error
1,63,56.743,-6.257
2,63,56.743,-6.257
3,47,39.439,-7.561
4,21,22.236,1.236
5,42,38.185,-3.815
6,68,64.978,-3.022
7,14,14.937,0.937
8,43,41.742,-1.258
9,52,56.743,4.743
10,9,5.619,-3.381
11,68,56.722,-11.278
12,36,39.439,3.439
13,32,38.185,6.185
14,69,64.978,-4.022
15,28,39.439,11.439
16,21,22.236,1.236
17,67,64.978,-2.022
18,45,39.439,-5.561
19,41,48.059,7.059
20,32,33.37,1.37
21,48,56.743,8.743
22,49,48.059,-0.941
23,45,50.495,5.495
24,12,4.374,-7.626
25,66,64.978,-1.022
26,52,48.059,-3.941
27,47,50.495,3.495
28,5,5.619,0.619
29,17,14.937,-2.063
30,7,8.077,1.077
31,58,61.829,3.829
32,19,13.721,-5.279
33,18,16.45,-1.55
34,60,56.743,-3.257
35,56,58.014,2.014
36,12,22.236,10.236
37,30,21.055,-8.945
38,0,-0.151,-0.151
39,9,5.619,-3.381
40,60,58.014,-1.986
41,47,48.059,1.059
42,42,48.059,6.059
43,41,38.185,-2.815
44,12,8.128,-3.872
45,64,61.829,-2.171
46,23,21.055,-1.945
47,43,48.059,5.059
48,27,28.917,1.917
49,38,31.591,-6.409
50,37,38.185,1.185
51,10,14.937,4.937
52,28,31.591,3.591
53,22,33.37,11.37
54,43,33.37,-9.63
55,42,38.185,-3.815
56,62,61.829,-0.171
57,31,39.439,8.439
58,53,44.098,-8.902
59,25,21.055,-3.945
60,16,16.45,0.45
61,10,14.937,4.937
62,20,4.374,-15.626
63,0,5.619,5.619
64,65,66.122,1.122
65,65,61.829,-3.171
66,50,48.059,-1.941
67,19,15.473,-3.527
68,13,15.473,2.473
69,9,21.055,12.055
70,37,38.185,1.185
71,56,56.743,0.743
72,46,48.059,2.059
73,60,58.014,-1.986
74,27,21.055,-5.945
75,48,39.439,-8.561
76,16,4.374,-11.626
77,57,44.098,-12.902
78,10,5.619,-4.381
79,39,39.23,0.23
80,40,33.37,-6.63
81,34,38.185,4.185
82,5,8.077,3.077
83,17,31.591,14.591
84,69,64.978,-4.022
85,-1,5.117,6.117
86,63,61.829,-1.171
87,51,48.059,-2.941
88,61,61.829,0.829
89,38,39.439,1.439
90,56,58.014,2.014
91,28,25.965,-2.035
92,66,64.978,-1.022
93,36,56.743,20.743
94,-10,-0.151,9.849
95,34,31.591,-2.409
96,20,21.055,1.055
97,20,8.128,-11.872
98,-6,-2.823,3.177
99,23,16.45,-6.55
100,53,56.743,3.743
101,56,56.743,0.743
102,18,14.937,-3.063
103,65,64.978,-0.022
104,57,56.743,-0.257
105,56,56.743,0.743
106,-2,-0.151,1.849
107,57,58.014,1.014
108,51,53.816,2.816
109,14,16.45,2.45
110,20,21.055,1.055
111,57,56.743,-0.257
112,55,53.816,-1.184
113,54,56.743,2.743
114,39,56.743,17.743
115,58,61.829,3.829
116,67,65.076,-1.924
117,60,65.076,5.076
118,19,21.055,2.055
119,32,28.917,-3.083
120,14,5.619,-8.381
121,31,28.917,-2.083
122,55,56.743,1.743
123,52,53.816,1.816
124,50,48.059,-1.941
125,64,58.014,-5.986
126,68,64.978,-3.022
127,-1,5.619,6.619
128,8,8.077,0.077
129,15,5.619,-9.381
130,19,21.055,2.055
131,11,14.937,3.937
132,15,16.45,1.45
133,25,21.055,-3.945
134,31,21.055,-9.945
135,42,38.185,-3.815
136,25,22.236,-2.764
137,38,31.591,-6.409
138,21,24.956,3.956
139,38,31.591,-6.409
140,31,24.956,-6.044
141,66,56.722,-9.278
142,41,38.185,-2.815
143,36,38.185,2.185
144,49,48.059,-0.941
145,57,58.014,1.014
146,66,61.24,-4.76
147,36,31.591,-4.409
148,62,66.122,4.122
149,33,25.965,-7.035
150,59,58.014,-0.986
151,-2,-0.151,1.849
152,42,58.014,16.014
153,3,5.619,2.619
154,31,31.591,0.591
155,58,56.743,-1.257
156,64,61.829,-2.171
157,22,21.055,-0.945
158,13,-0.903,-13.903
159,59,56.743,-2.257
160,30,38.185,8.185
161,58,56.743,-1.257
162,62,66.122,4.122
163,30,25.965,-4.035
164,19,16.45,-2.55
165,10,5.619,-4.381
166,25,21.055,-3.945
167,63,61.829,-1.171
168,26,21.055,-4.945
169,38,48.059,10.059
170,18,5.619,-12.381
171,65,64.978,-0.022
172,44,38.185,-5.815
173,58,56.743,-1.257
174,47,48.059,1.059
175,44,56.743,12.743
176,65,61.829,-3.171
177,24,39.23,15.23
178,27,21.055,-5.945
179,62,61.829,-0.171
180,35,31.591,-3.409
181,19,13.721,-5.279
182,53,48.059,-4.941
183,34,28.917,-5.083
184,62,56.743,-5.257
185,52,57.137,5.137
186,59,56.743,-2.257
187,14,28.917,14.917
188,70,64.978,-5.022
189,48,41.932,-6.068
190,27,24.907,-2.093
191,36,38.185,2.185
192,20,21.055,1.055
193,7,8.077,1.077
194,10,15.473,5.473
195,58,61.829,3.829
196,-4,5.117,9.117
197,63,61.829,-1.171
198,45,48.059,3.059
199,35,33.37,-1.63
200,61,56.743,-4.257
201,26,28.917,2.917
202,41,38.185,-2.815
203,34,50.495,16.495
204,50,53.816,3.816
205,-8,-0.151,7.849
206,20,21.055,1.055
207,61,61.829,0.829
208,37,50.495,13.495
209,60,56.743,-3.257
210,8,8.077,0.077
211,32,23.215,-8.785
212,32,39.439,7.439
213,73,64.978,-8.022
214,26,24.907,-1.093
215,14,14.937,0.937
216,44,50.495,6.495
217,51,48.059,-2.941
218,31,28.917,-2.083
219,20,8.128,-11.872
220,32,39.439,7.439
221,14,14.937,0.937
222,58,56.743,-1.257
223,52,53.816,1.816
224,55,56.743,1.743
225,20,22.236,2.236
226,8,14.937,6.937
227,28,48.059,20.059
228,69,64.978,-4.022
229,53,48.059,-4.941
230,40,38.185,-1.815
231,28,21.055,-6.945
232,54,48.059,-5.941
233,20,16.45,-3.55
234,49,50.495,1.495
235,37,38.185,1.185
236,33,38.185,5.185
237,62,56.743,-5.257
238,38,31.591,-6.409
239,46,39.439,-6.561
240,22,23.215,1.215
241,48,56.743,8.743
242,-3,-2.823,0.177
243,44,39.439,-4.561
244,56,53.816,-2.184
245,30,22.236,-7.764
246,63,56.722,-6.278
247,59,56.743,-2.257
248,18,15.473,-2.527
249,32,21.055,-10.945
250,21,15.473,-5.527
251,3,5.619,2.619
252,37,38.185,1.185
253,47,48.059,1.059
254,30,31.591,1.591
255,58,56.743,-1.257
256,38,38.185,0.185
257,38,31.591,-6.409
258,26,22.236,-3.764
259,14,14.937,0.937
260,39,31.591,-7.409
261,33,28.917,-4.083
262,40,38.185,-1.815
263,56,53.816,-2.184
264,13,15.473,2.473
265,17,22.236,5.236
266,29,24.907,-4.093
267,7,14.937,7.937
268,28,31.591,3.591
269,46,48.059,2.059
270,20,21.055,1.055
271,14,14.937,0.937
272,33,28.917,-4.083
273,18,22.236,4.236
274,19,16.45,-2.55
275,54,56.743,2.743
276,-10,-0.151,9.849
277,46,50.495,4.495
278,39,38.185,-0.815
279,55,50.495,-4.505
280,59,56.743,-2.257
281,65,56.743,-8.257
282,-2,5.619,7.619
283,28,31.591,3.591
284,18,24.907,6.907
285,27,28.917,1.917
286,53,61.829,8.829
287,30,31.591,1.591
288,48,48.059,0.059
289,32,38.185,6.185
290,31,25.965,-5.035
291,36,33.37,-2.63
292,13,16.45,3.45
293,54,50.495,-3.505
294,33,31.591,-1.409
295,45,43.2,-1.8
296,5,8.077,3.077
297,26,21.055,-4.945
298,24,24.907,0.907
299,39,38.185,-0.815
300,23,21.055,-1.945
301,56,50.495,-5.505
302,42,39.439,-2.561
303,53,50.495,-2.505
304,28,20.678,-7.322
305,17,14.937,-2.063
306,36,39.439,3.439
307,34,31.591,-2.409
308,10,8.077,-1.923
309,70,64.978,-5.022
310,1,5.619,4.619
311,12,14.937,2.937
312,26,21.055,-4.945
313,5,5.619,0.619
314,30,24.907,-5.093
315,36,39.439,3.439
316,-14,-0.151,13.849
317,65,61.829,-3.171
318,49,61.829,12.829
319,54,64.978,10.978
320,34,31.591,-2.409
321,59,61.829,2.829
322,49,48.059,-0.941
323,61,61.829,0.829
324,-2,-2.823,-0.823
325,53,58.014,5.014
326,14,15.473,1.473
327,58,56.743,-1.257
328,33,38.185,5.185
329,46,48.059,2.059
330,15,21.055,6.055
331,13,14.937,1.937
332,44,56.743,12.743
333,53,48.059,-4.941
334,28,22.236,-5.764
335,30,31.591,1.591
336,27,21.055,-5.945
337,16,8.128,-7.872
338,46,38.185,-7.815
339,30,21.055,-8.945
340,37,31.591,-5.409
341,59,56.743,-2.257
342,11,14.937,3.937
343,13,14.937,1.937
344,30,22.236,-7.764
345,49,48.059,-0.941
346,31,28.917,-2.083
347,42,39.23,-2.77
348,8,5.619,-2.381
349,52,48.059,-3.941
350,34,48.059,14.059
351,13,14.937,1.937
352,34,27.022,-6.978
353,28,24.907,-3.093
354,64,58.014,-5.986
355,21,21.055,0.055
356,37,28.917,-8.083
357,4,-0.151,-4.151
358,24,21.055,-2.945
359,56,44.098,-11.902
360,65,64.978,-0.022
361,37,31.591,-5.409
362,42,38.185,-3.815
363,15,28.917,13.917
364,17,31.591,14.591
365,35,38.185,3.185
366,33,31.591,-1.409
367,58,56.743,-1.257
368,47,48.059,1.059
369,66,64.978,-1.022
370,31,38.185,7.185
371,7,31.591,24.591
372,18,21.055,3.055
