inst#,actual,predicted,error
1,63,60.317,-2.683
2,63,62.119,-0.881
3,47,43.449,-3.551
4,21,21.292,0.292
5,42,42.722,0.722
6,68,66.679,-1.321
7,14,11.939,-2.061
8,43,46.999,3.999
9,52,58.13,6.13
10,9,11.209,2.209
11,68,66.162,-1.838
12,36,38.244,2.244
13,32,36.575,4.575
14,69,64.919,-4.081
15,28,37.565,9.565
16,21,25.509,4.509
17,67,64.282,-2.718
18,45,41.95,-3.05
19,41,43.837,2.837
20,32,27.548,-4.452
21,48,58.251,10.251
22,49,50.739,1.739
23,45,46.638,1.638
24,12,13.19,1.19
25,66,63.707,-2.293
26,52,49.923,-2.077
27,47,46.031,-0.969
28,5,3.108,-1.892
29,17,10.619,-6.381
30,7,8.044,1.044
31,58,61.327,3.327
32,19,17.699,-1.301
33,18,15.171,-2.829
34,60,57.431,-2.569
35,56,58.491,2.491
36,12,22.294,10.294
37,30,25.91,-4.09
38,0,-2.602,-2.602
39,9,13.011,4.011
40,60,60.243,0.243
41,47,50.91,3.91
42,42,46.401,4.401
43,41,35.278,-5.722
44,12,16.592,4.592
45,64,62.309,-1.691
46,23,23.005,0.005
47,43,45.003,2.003
48,27,34.19,7.19
49,38,33.409,-4.591
50,37,40.758,3.758
51,10,12.456,2.456
52,28,28.83,0.83
53,22,31.825,9.825
54,43,41.896,-1.104
55,42,40.797,-1.203
56,62,62.512,0.512
57,31,32.978,1.978
58,53,53.524,0.524
59,25,23.378,-1.622
60,16,17.058,1.058
61,10,10.464,0.464
62,20,15.474,-4.526
63,0,8.194,8.194
64,65,63.369,-1.631
65,65,60.569,-4.431
66,50,46.825,-3.175
67,19,18.068,-0.932
68,13,16.336,3.336
69,9,18.542,9.542
70,37,37.223,0.223
71,56,55.489,-0.511
72,46,45.74,-0.26
73,60,59.171,-0.829
74,27,24.666,-2.334
75,48,42.758,-5.242
76,16,13.594,-2.406
77,57,53.799,-3.201
78,10,7.659,-2.341
79,39,43.344,4.344
80,40,38.381,-1.619
81,34,36.12,2.12
82,5,4.471,-0.529
83,17,27.475,10.475
84,69,66.803,-2.197
85,-1,4.28,5.28
86,63,62.612,-0.388
87,51,51.5,0.5
88,61,60.457,-0.543
89,38,38.435,0.435
90,56,61.082,5.082
91,28,26.953,-1.047
92,66,63.747,-2.253
93,36,55.163,19.163
94,-10,-3.946,6.054
95,34,32.831,-1.169
96,20,17.986,-2.014
97,20,17.408,-2.592
98,-6,-3.099,2.901
99,23,19.773,-3.227
100,53,55.042,2.042
101,56,54.436,-1.564
102,18,10.405,-7.595
103,65,66.244,1.244
104,57,59.851,2.851
105,56,56.651,0.651
106,-2,-0.59,1.41
107,57,58.926,1.926
108,51,52.141,1.141
109,14,11.652,-2.348
110,20,22.236,2.236
111,57,55.528,-1.472
112,55,52.495,-2.505
113,54,57.664,3.664
114,39,60.115,21.115
115,58,63.502,5.502
116,67,64.251,-2.749
117,60,63.016,3.016
118,19,22.376,3.376
119,32,30.465,-1.535
120,14,10.397,-3.603
121,31,32.54,1.54
122,55,57.136,2.136
123,52,51.877,-0.123
124,50,48.373,-1.627
125,64,61.214,-2.786
126,68,65.284,-2.716
127,-1,2.886,3.886
128,8,9.57,1.57
129,15,7.927,-7.073
130,19,22.286,3.286
131,11,7.884,-3.116
132,15,16.895,1.895
133,25,26.842,1.842
134,31,23.145,-7.855
135,42,37.161,-4.839
136,25,23.622,-1.378
137,38,33.763,-4.237
138,21,26.221,5.221
139,38,41.053,3.053
140,31,26.737,-4.263
141,66,65.222,-0.778
142,41,41.344,0.344
143,36,40.462,4.462
144,49,49.034,0.034
145,57,59.31,2.31
146,66,63.602,-2.398
147,36,32.991,-3.009
148,62,64.088,2.088
149,33,28.318,-4.682
150,59,60.142,1.142
151,-2,-2.508,-0.508
152,42,56.487,14.487
153,3,3.018,0.018
154,31,30.787,-0.213
155,58,55.357,-2.643
156,64,61.439,-2.561
157,22,21.051,-0.949
158,13,15.077,2.077
159,59,60.457,1.457
160,30,34.823,4.823
161,58,56.308,-1.692
162,62,63.976,1.976
163,30,28.329,-1.671
164,19,17.66,-1.34
165,10,8.23,-1.77
166,25,25.256,0.256
167,63,61.66,-1.34
168,26,27.109,1.109
169,38,41.926,3.926
170,18,14.732,-3.268
171,65,65.052,0.052
172,44,39.003,-4.997
173,58,56.53,-1.47
174,47,46.459,-0.541
175,44,59.365,15.365
176,65,61.164,-3.836
177,24,42.788,18.788
178,27,19.979,-7.021
179,62,61.862,-0.138
180,35,34.784,-0.216
181,19,17.447,-1.553
182,53,49.912,-3.088
183,34,32.652,-1.348
184,62,58.037,-3.963
185,52,52.028,0.028
186,59,55.245,-3.755
187,14,31.658,17.658
188,70,67.692,-2.308
189,48,44.964,-3.036
190,27,28.057,1.057
191,36,37.829,1.829
192,20,24.512,4.512
193,7,8.965,1.965
194,10,16.215,6.215
195,58,61.378,3.378
196,-4,2.012,6.012
197,63,62.865,-0.135
198,45,47.663,2.663
199,35,38.625,3.625
200,61,58.787,-2.213
201,26,31.304,5.304
202,41,38.105,-2.895
203,34,47.985,13.985
204,50,53.617,3.617
205,-8,-5.344,2.656
206,20,21.051,1.051
207,61,61.276,0.276
208,37,47.306,10.306
209,60,58.372,-1.628
210,8,6.043,-1.957
211,32,30.963,-1.037
212,32,33.696,1.696
213,73,72.578,-0.422
214,26,24.756,-1.244
215,14,10.708,-3.292
216,44,48.957,4.957
217,51,47.554,-3.446
218,31,30.131,-0.869
219,20,17.63,-2.37
220,32,37.453,5.453
221,14,8.654,-5.346
222,58,59.739,1.739
223,52,51.574,-0.426
224,55,55.023,0.023
225,20,23.001,3.001
226,8,10.051,2.051
227,28,45.961,17.961
228,69,65.183,-3.817
229,53,49.445,-3.555
230,40,37.437,-2.563
231,28,29.136,1.136
232,54,53.501,-0.499
233,20,16.74,-3.26
234,49,48.681,-0.319
235,37,37.659,0.659
236,33,34.155,1.155
237,62,57.369,-4.631
238,38,38.897,0.897
239,46,42.629,-3.371
240,22,27.047,5.047
241,48,56.095,8.095
242,-3,-0.987,2.013
243,44,40.237,-3.763
244,56,53.011,-2.989
245,30,28.465,-1.535
246,63,64.624,1.624
247,59,58.352,-0.648
248,18,19.551,1.551
249,32,25.696,-6.304
250,21,20.51,-0.49
251,3,6.171,3.171
252,37,34.155,-2.845
253,47,53.108,6.108
254,30,33.926,3.926
255,58,57.21,-0.79
256,38,35.561,-2.439
257,38,32.264,-5.736
258,26,22.224,-3.776
259,14,11.64,-2.36
260,39,33.336,-5.664
261,33,32.45,-0.55
262,40,42.719,2.719
263,56,52.495,-3.505
264,13,16.856,3.856
265,17,20.118,3.118
266,29,29.129,0.129
267,7,7.884,0.884
268,28,31.029,3.029
269,46,45.258,-0.742
270,20,18.025,-1.975
271,14,7.418,-6.582
272,33,30.221,-2.779
273,18,21.14,3.14
274,19,16.274,-2.726
275,54,57.007,3.007
276,-10,-8.785,1.215
277,46,46.789,0.789
278,39,38.843,-0.157
279,55,50.491,-4.509
280,59,56.531,-2.469
281,65,62.321,-2.679
282,-2,6.875,8.875
283,28,34.077,6.077
284,18,24.593,6.593
285,27,28.896,1.896
286,53,62.317,9.317
287,30,30.675,0.675
288,48,48.552,0.552
289,32,34.59,2.59
290,31,29.137,-1.863
291,36,41.165,5.165
292,13,11.045,-1.955
293,54,51.17,-2.83
294,33,34.291,1.291
295,45,53.113,8.113
296,5,8.63,3.63
297,26,21.222,-4.778
298,24,33.557,9.557
299,39,37.88,-1.12
300,23,23.117,0.117
301,56,51.636,-4.364
302,42,42.264,0.264
303,53,50.937,-2.063
304,28,24.856,-3.144
305,17,13.52,-3.48
306,36,40.136,4.136
307,34,35.93,1.93
308,10,7.83,-2.17
309,70,67.094,-2.906
310,1,1.29,0.29
311,12,12.871,0.871
312,26,23.207,-2.793
313,5,11.613,6.613
314,30,28.27,-1.73
315,36,35.347,-0.653
316,-14,-9.95,4.05
317,65,63.199,-1.801
318,49,61.855,12.855
319,54,66.558,12.558
320,34,31.921,-2.079
321,59,62.158,3.158
322,49,48.296,-0.704
323,61,62.531,1.531
324,-2,-1.134,0.866
325,53,57.206,4.206
326,14,18.876,4.876
327,58,58.402,0.402
328,33,41.853,8.853
329,46,44.346,-1.654
330,15,26.69,11.69
331,13,12.619,-0.381
332,44,56.549,12.549
333,53,50.378,-2.622
334,28,24.116,-3.884
335,30,27.626,-2.374
336,27,25.133,-1.867
337,16,15.649,-0.351
338,46,42.944,-3.056
339,30,23.218,-6.782
340,37,31.383,-5.617
341,59,56.39,-2.61
342,11,13.085,2.085
343,13,7.783,-5.217
344,30,24.368,-5.632
345,49,47.131,-1.869
346,31,29.281,-1.719
347,42,42.646,0.646
348,8,4.878,-3.122
349,52,48.475,-3.525
350,34,48.091,14.091
351,13,11.151,-1.849
352,34,36.602,2.602
353,28,29.09,1.09
354,64,62.752,-1.248
355,21,22.348,1.348
356,37,33.382,-3.618
357,4,-1.234,-5.234
358,24,23.37,-0.63
359,56,54.518,-1.482
360,65,62.927,-2.073
361,37,37.44,0.44
362,42,39.996,-2.004
363,15,31.972,16.972
364,17,37.126,20.126
365,35,37.425,2.425
366,33,30.22,-2.78
367,58,55.183,-2.817
368,47,47.97,0.97
369,66,65.599,-0.401
370,31,38.183,7.183
371,7,30.108,23.108
372,18,20.737,2.737
