inst#,actual,predicted,error
1,63,57.229,-5.771
2,63,60.245,-2.755
3,47,38.727,-8.273
4,21,17.576,-3.424
5,42,37.67,-4.33
6,68,63.865,-4.135
7,14,9.408,-4.592
8,43,42.775,-0.225
9,52,54.375,2.375
10,9,6.109,-2.891
11,68,62.999,-5.001
12,36,34.054,-1.946
13,32,32.135,0.135
14,69,62.273,-6.727
15,28,33.666,5.666
16,21,22.617,1.617
17,67,61.618,-5.382
18,45,37.393,-7.607
19,41,39.97,-1.03
20,32,23.027,-8.973
21,48,54.337,6.337
22,49,46.218,-2.782
23,45,42.21,-2.79
24,12,8.458,-3.542
25,66,62.048,-3.952
26,52,45.366,-6.634
27,47,41.27,-5.73
28,5,1.297,-3.703
29,17,6.706,-10.294
30,7,5.939,-1.061
31,58,58.299,0.299
32,19,13.958,-5.042
33,18,11.265,-6.735
34,60,53.145,-6.855
35,56,53.583,-2.417
36,12,18.561,6.561
37,30,20.904,-9.096
38,0,-1.628,-1.628
39,9,7.289,-1.711
40,60,56.691,-3.309
41,47,46.436,-0.564
42,42,42.041,0.041
43,41,31.178,-9.822
44,12,10.779,-1.221
45,64,58.694,-5.306
46,23,18.001,-4.999
47,43,40.879,-2.121
48,27,28.786,1.786
49,38,28.433,-9.567
50,37,35.866,-1.134
51,10,9.734,-0.266
52,28,25.419,-2.581
53,22,28.594,6.594
54,43,37.934,-5.066
55,42,36.162,-5.838
56,62,60.25,-1.75
57,31,30.025,-0.975
58,53,49.364,-3.636
59,25,19.03,-5.97
60,16,14.587,-1.413
61,10,7.489,-2.511
62,20,11.58,-8.42
63,0,3.611,3.611
64,65,58.761,-6.239
65,65,56.767,-8.233
66,50,42.799,-7.201
67,19,13.131,-5.869
68,13,11.82,-1.18
69,9,13.915,4.915
70,37,32.696,-4.304
71,56,51.016,-4.984
72,46,41.646,-4.354
73,60,54.955,-5.045
74,27,19.39,-7.61
75,48,38.474,-9.526
76,16,9.183,-6.817
77,57,49.315,-7.685
78,10,2.812,-7.188
79,39,39.113,0.113
80,40,35.207,-4.793
81,34,31.56,-2.44
82,5,3.26,-1.74
83,17,23.69,6.69
84,69,64.909,-4.091
85,-1,2.65,3.65
86,63,59.324,-3.676
87,51,47.102,-3.898
88,61,56.828,-4.172
89,38,34.5,-3.5
90,56,56.791,0.791
91,28,21.793,-6.207
92,66,62.475,-3.525
93,36,50.977,14.977
94,-10,-3.03,6.97
95,34,28.159,-5.841
96,20,13.314,-6.686
97,20,12.759,-7.241
98,-6,-3.909,2.091
99,23,16.234,-6.766
100,53,50.407,-2.593
101,56,49.956,-6.044
102,18,6.683,-11.317
103,65,63.691,-1.309
104,57,56.57,-0.43
105,56,52.33,-3.67
106,-2,-0.025,1.975
107,57,53.84,-3.16
108,51,47.737,-3.263
109,14,7.328,-6.672
110,20,17.33,-2.67
111,57,50.787,-6.213
112,55,48.303,-6.697
113,54,53.787,-0.213
114,39,56.814,17.814
115,58,60.508,2.508
116,67,61.091,-5.909
117,60,59.084,-0.916
118,19,18.035,-0.965
119,32,25.188,-6.812
120,14,5.945,-8.055
121,31,27.344,-3.656
122,55,53.368,-1.632
123,52,47.566,-4.434
124,50,43.913,-6.087
125,64,57.362,-6.638
126,68,62.795,-5.205
127,-1,0.915,1.915
128,8,7.841,-0.159
129,15,4.396,-10.604
130,19,17.72,-1.28
131,11,5.067,-5.933
132,15,14.978,-0.022
133,25,21.576,-3.424
134,31,18.704,-12.296
135,42,33.002,-8.998
136,25,19.156,-5.844
137,38,29.092,-8.908
138,21,22.07,1.07
139,38,35.937,-2.063
140,31,22.46,-8.54
141,66,61.699,-4.301
142,41,36.565,-4.435
143,36,35.849,-0.151
144,49,44.588,-4.412
145,57,54.01,-2.99
146,66,59.599,-6.401
147,36,29.039,-6.961
148,62,59.902,-2.098
149,33,23.429,-9.571
150,59,55.636,-3.364
151,-2,-2.352,-0.352
152,42,51.736,9.736
153,3,1.078,-1.922
154,31,26.093,-4.907
155,58,51.212,-6.788
156,64,58.237,-5.763
157,22,16.409,-5.591
158,13,8.901,-4.099
159,59,57.82,-1.18
160,30,30.616,0.616
161,58,52.136,-5.864
162,62,59.959,-2.041
163,30,23.22,-6.78
164,19,13.713,-5.287
165,10,4.664,-5.336
166,25,19.119,-5.881
167,63,57.339,-5.661
168,26,20.688,-5.312
169,38,37.899,-0.101
170,18,8.682,-9.318
171,65,63.078,-1.922
172,44,34.859,-9.141
173,58,52.319,-5.681
174,47,42.316,-4.684
175,44,56.211,12.211
176,65,58.255,-6.745
177,24,38.404,14.404
178,27,15.421,-11.579
179,62,57.727,-4.273
180,35,30.145,-4.855
181,19,13.341,-5.659
182,53,45.875,-7.125
183,34,27.258,-6.742
184,62,54.215,-7.785
185,52,47.413,-4.587
186,59,51.275,-7.725
187,14,26.686,12.686
188,70,66.209,-3.791
189,48,40.752,-7.248
190,27,22.635,-4.365
191,36,33.606,-2.394
192,20,19.913,-0.087
193,7,6.613,-0.387
194,10,11.427,1.427
195,58,58.404,0.404
196,-4,1.438,5.438
197,63,59.861,-3.139
198,45,43.381,-1.619
199,35,35.267,0.267
200,61,55.633,-5.367
201,26,26.244,0.244
202,41,33.37,-7.63
203,34,43.623,9.623
204,50,49.932,-0.068
205,-8,-3.322,4.678
206,20,16.409,-3.591
207,61,57.206,-3.794
208,37,43.025,6.025
209,60,55.108,-4.892
210,8,3.787,-4.213
211,32,28.279,-3.721
212,32,30.635,-1.365
213,73,71.278,-1.722
214,26,20.034,-5.966
215,14,6.969,-7.031
216,44,45.026,1.026
217,51,43.191,-7.809
218,31,24.758,-6.242
219,20,13.267,-6.733
220,32,33.746,1.746
221,14,5.589,-8.411
222,58,56.633,-1.367
223,52,47.096,-4.904
224,55,50.51,-4.49
225,20,19.71,-0.29
226,8,6.352,-1.648
227,28,42.002,14.002
228,69,62.561,-6.439
229,53,44.939,-8.061
230,40,32.742,-7.258
231,28,21.845,-6.155
232,54,48.963,-5.037
233,20,12.586,-7.414
234,49,44.678,-4.322
235,37,33.073,-3.927
236,33,30.02,-2.98
237,62,53.293,-8.707
238,38,33.627,-4.373
239,46,37.842,-8.158
240,22,24.284,2.284
241,48,52.026,4.026
242,-3,-2.207,0.793
243,44,36.077,-7.923
244,56,48.899,-7.101
245,30,25.212,-4.788
246,63,61.456,-1.544
247,59,54.522,-4.478
248,18,12.562,-5.438
249,32,20.87,-11.13
250,21,14.25,-6.75
251,3,1.626,-1.374
252,37,30.02,-6.98
253,47,48.553,1.553
254,30,28.86,-1.14
255,58,53.72,-4.28
256,38,31.718,-6.282
257,38,27.678,-10.322
258,26,18.203,-7.797
259,14,7.819,-6.181
260,39,29.012,-9.988
261,33,27.001,-5.999
262,40,38.234,-1.766
263,56,48.303,-7.697
264,13,10.86,-2.14
265,17,16.48,-0.52
266,29,23.724,-5.276
267,7,5.067,-1.933
268,28,26.608,-1.392
269,46,40.689,-5.311
270,20,13.903,-6.097
271,14,4.821,-9.179
272,33,25.355,-7.645
273,18,17.406,-0.594
274,19,12.293,-6.707
275,54,52.626,-1.374
276,-10,-4.982,5.018
277,46,42.207,-3.793
278,39,34.265,-4.735
279,55,46.279,-8.721
280,59,53.005,-5.995
281,65,60.716,-4.284
282,-2,3.581,5.581
283,28,29.053,1.053
284,18,20.062,2.062
285,27,23.686,-3.314
286,53,58.623,5.623
287,30,26.178,-3.822
288,48,44.303,-3.697
289,32,30.55,-1.45
290,31,24.484,-6.516
291,36,37.559,1.559
292,13,6.751,-6.249
293,54,46.857,-7.143
294,33,29.098,-3.902
295,45,49.635,4.635
296,5,6.552,1.552
297,26,17.218,-8.782
298,24,29.998,5.998
299,39,33.534,-5.466
300,23,17.916,-5.084
301,56,47.36,-8.64
302,42,37.583,-4.417
303,53,46.815,-6.185
304,28,20.482,-7.518
305,17,10.156,-6.844
306,36,35.949,-0.051
307,34,30.774,-3.226
308,10,5.918,-4.082
309,70,64.518,-5.482
310,1,-0.845,-1.845
311,12,9.96,-2.04
312,26,18.56,-7.44
313,5,6.489,1.489
314,30,22.671,-7.329
315,36,31.905,-4.095
316,-14,-5.451,8.549
317,65,59.859,-5.141
318,49,58.814,9.814
319,54,64.107,10.107
320,34,27.031,-6.969
321,59,59.468,0.468
322,49,43.744,-5.256
323,61,58.768,-2.232
324,-2,-3.168,-1.168
325,53,52.622,-0.378
326,14,14.01,0.01
327,58,54.615,-3.385
328,33,36.712,3.712
329,46,40.072,-5.928
330,15,21.394,6.394
331,13,9.368,-3.632
332,44,52.164,8.164
333,53,46.017,-6.983
334,28,19.94,-8.06
335,30,23.868,-6.132
336,27,19.412,-7.588
337,16,10.702,-5.298
338,46,38.076,-7.924
339,30,18.033,-11.967
340,37,27.039,-9.961
341,59,52.485,-6.515
342,11,9.645,-1.355
343,13,4.976,-8.024
344,30,20.565,-9.435
345,49,42.745,-6.255
346,31,24.182,-6.818
347,42,38.54,-3.46
348,8,2.764,-5.236
349,52,44.047,-7.953
350,34,43.917,9.917
351,13,8.557,-4.443
352,34,30.7,-3.3
353,28,23.45,-4.55
354,64,57.864,-6.136
355,21,17.245,-3.755
356,37,27.733,-9.267
357,4,-1.383,-5.383
358,24,18.209,-5.791
359,56,50.226,-5.774
360,65,60.875,-4.125
361,37,31.872,-5.128
362,42,35.465,-6.535
363,15,26.854,11.854
364,17,31.679,14.679
365,35,32.952,-2.048
366,33,25.63,-7.37
367,58,50.86,-7.14
368,47,43.534,-3.466
369,66,64.612,-1.388
370,31,34.046,3.046
371,7,25.716,18.716
372,18,16.266,-1.734
