inst#,actual,predicted,error
1,63,60.199,-2.801
2,63,62.344,-0.656
3,47,41.139,-5.861
4,21,20.917,-0.083
5,42,39.995,-2.005
6,68,65.835,-2.165
7,14,12.481,-1.519
8,43,45.598,2.598
9,52,57.594,5.594
10,9,9.395,0.395
11,68,65.124,-2.876
12,36,37.437,1.437
13,32,34.199,2.199
14,69,64.432,-4.568
15,28,36.627,8.627
16,21,25.896,4.896
17,67,63.962,-3.038
18,45,39.911,-5.089
19,41,41.031,0.031
20,32,26.563,-5.437
21,48,57.353,9.353
22,49,48.563,-0.437
23,45,43.204,-1.796
24,12,11.606,-0.394
25,66,63.987,-2.013
26,52,49.072,-2.928
27,47,43.187,-3.813
28,5,2.359,-2.641
29,17,9.954,-7.046
30,7,8.634,1.634
31,58,60.438,2.438
32,19,17.079,-1.921
33,18,14.699,-3.301
34,60,56.629,-3.371
35,56,57.067,1.067
36,12,21.978,9.978
37,30,23.965,-6.035
38,0,-1.357,-1.357
39,9,10.63,1.63
40,60,59.012,-0.988
41,47,48.324,1.324
42,42,44.834,2.834
43,41,32.977,-8.023
44,12,14.073,2.073
45,64,62.056,-1.944
46,23,20.784,-2.216
47,43,42.706,-0.294
48,27,31.096,4.096
49,38,31.164,-6.836
50,37,37.478,0.478
51,10,12.89,2.89
52,28,28.603,0.603
53,22,31.391,9.391
54,43,39.175,-3.825
55,42,37.965,-4.035
56,62,61.867,-0.133
57,31,33.337,2.337
58,53,51.931,-1.069
59,25,21.918,-3.082
60,16,17.637,1.637
61,10,10.282,0.282
62,20,14.708,-5.292
63,0,7.245,7.245
64,65,62.495,-2.505
65,65,60.407,-4.593
66,50,44.407,-5.593
67,19,17.152,-1.848
68,13,15.28,2.28
69,9,17.408,8.408
70,37,35.251,-1.749
71,56,54.971,-1.029
72,46,43.377,-2.623
73,60,58.278,-1.722
74,27,23.293,-3.707
75,48,39.933,-8.067
76,16,12.499,-3.501
77,57,53.324,-3.676
78,10,5.71,-4.29
79,39,41.306,2.306
80,40,34.199,-5.801
81,34,34.187,0.187
82,5,5.039,0.039
83,17,26.651,9.651
84,69,67.024,-1.976
85,-1,4.549,5.549
86,63,62.069,-0.931
87,51,50.024,-0.976
88,61,59.712,-1.288
89,38,37.046,-0.954
90,56,59.688,3.688
91,28,26.061,-1.939
92,66,63.298,-2.702
93,36,53.577,17.577
94,-10,-3.794,6.206
95,34,30.357,-3.643
96,20,17.392,-2.608
97,20,15.704,-4.296
98,-6,-4.679,1.321
99,23,19.446,-3.554
100,53,54.016,1.016
101,56,53.794,-2.206
102,18,9.553,-8.447
103,65,65.374,0.374
104,57,59.489,2.489
105,56,55.216,-0.784
106,-2,0.613,2.613
107,57,57.529,0.529
108,51,51.924,0.924
109,14,10.773,-3.227
110,20,20.367,0.367
111,57,54.48,-2.52
112,55,51.938,-3.062
113,54,56.885,2.885
114,39,60.191,21.191
115,58,62.549,4.549
116,67,63.714,-3.286
117,60,62.283,2.283
118,19,20.857,1.857
119,32,28.378,-3.622
120,14,8.824,-5.176
121,31,29.864,-1.136
122,55,55.482,0.482
123,52,51.223,-0.777
124,50,46.937,-3.063
125,64,59.94,-4.06
126,68,65.137,-2.863
127,-1,2.11,3.11
128,8,10.834,2.834
129,15,7.174,-7.826
130,19,21.25,2.25
131,11,7.901,-3.099
132,15,18.118,3.118
133,25,24.781,-0.219
134,31,21.273,-9.727
135,42,35.735,-6.265
136,25,22.959,-2.041
137,38,32.055,-5.945
138,21,24.702,3.702
139,38,37.639,-0.361
140,31,25.111,-5.889
141,66,64.642,-1.358
142,41,39.014,-1.986
143,36,38.198,2.198
144,49,48.394,-0.606
145,57,57.989,0.989
146,66,62.751,-3.249
147,36,31.09,-4.91
148,62,63.214,1.214
149,33,26.098,-6.902
150,59,59.206,0.206
151,-2,-2.964,-0.964
152,42,54.717,12.717
153,3,2.752,-0.248
154,31,29.51,-1.49
155,58,54.522,-3.478
156,64,61.133,-2.867
157,22,19.544,-2.456
158,13,13.15,0.15
159,59,59.514,0.514
160,30,32.965,2.965
161,58,55.695,-2.305
162,62,62.519,0.519
163,30,26.494,-3.506
164,19,17.473,-1.527
165,10,7.183,-2.817
166,25,23.614,-1.386
167,63,61.093,-1.907
168,26,24.852,-1.148
169,38,39.621,1.621
170,18,12.107,-5.893
171,65,64.683,-0.317
172,44,36.576,-7.424
173,58,55.458,-2.542
174,47,44.097,-2.903
175,44,59.025,15.025
176,65,59.74,-5.26
177,24,41.283,17.283
178,27,19.119,-7.881
179,62,61.101,-0.899
180,35,32.478,-2.522
181,19,16.191,-2.809
182,53,48.183,-4.817
183,34,30.262,-3.738
184,62,56.653,-5.347
185,52,51.426,-0.574
186,59,53.827,-5.173
187,14,29.049,15.049
188,70,67.504,-2.496
189,48,42.999,-5.001
190,27,26.244,-0.756
191,36,36.149,0.149
192,20,22.74,2.74
193,7,9.055,2.055
194,10,15.033,5.033
195,58,60.44,2.44
196,-4,2.904,6.904
197,63,62.079,-0.921
198,45,45.478,0.478
199,35,35.343,0.343
200,61,57.621,-3.379
201,26,29.039,3.039
202,41,36.066,-4.934
203,34,44.427,10.427
204,50,52.675,2.675
205,-8,-4.138,3.862
206,20,19.544,-0.456
207,61,60.633,-0.367
208,37,43.618,6.618
209,60,56.914,-3.086
210,8,7.06,-0.94
211,32,30.819,-1.181
212,32,33.752,1.752
213,73,72.193,-0.807
214,26,23.781,-2.219
215,14,9.561,-4.439
216,44,44.849,0.849
217,51,46.016,-4.984
218,31,27.73,-3.27
219,20,15.953,-4.047
220,32,36.228,4.228
221,14,8.318,-5.682
222,58,58.794,0.794
223,52,51.21,-0.79
224,55,54.262,-0.738
225,20,22.879,2.879
226,8,9.543,1.543
227,28,43.338,15.338
228,69,65.133,-3.867
229,53,47.869,-5.131
230,40,35.652,-4.348
231,28,26.004,-1.996
232,54,50.945,-3.055
233,20,16.172,-3.828
234,49,47.984,-1.016
235,37,35.02,-1.98
236,33,32.551,-0.449
237,62,55.936,-6.064
238,38,36.394,-1.606
239,46,40.721,-5.279
240,22,27.61,5.61
241,48,54.996,6.996
242,-3,-1.826,1.174
243,44,38.282,-5.718
244,56,52.65,-3.35
245,30,28.197,-1.803
246,63,63.483,0.483
247,59,57.357,-1.643
248,18,16.922,-1.078
249,32,23.564,-8.436
250,21,18.711,-2.289
251,3,3.998,0.998
252,37,32.551,-4.449
253,47,51.422,4.422
254,30,31.574,1.574
255,58,56.669,-1.331
256,38,34.505,-3.495
257,38,29.946,-8.054
258,26,21.734,-4.266
259,14,11.259,-2.741
260,39,31.252,-7.748
261,33,30.257,-2.743
262,40,39.447,-0.553
263,56,51.938,-4.062
264,13,14.475,1.475
265,17,20.489,3.489
266,29,26.669,-2.331
267,7,7.901,0.901
268,28,29.121,1.121
269,46,44.343,-1.657
270,20,17.879,-2.121
271,14,7.493,-6.507
272,33,28.218,-4.782
273,18,20.913,2.913
274,19,15.763,-3.237
275,54,56.858,2.858
276,-10,-7.091,2.909
277,46,46.526,0.526
278,39,36.725,-2.275
279,55,49.588,-5.412
280,59,55.26,-3.74
281,65,62.352,-2.648
282,-2,6.112,8.112
283,28,31.578,3.578
284,18,23.381,5.381
285,27,26.905,-0.095
286,53,61.12,8.12
287,30,29.112,-0.888
288,48,45.959,-2.041
289,32,33.201,1.201
290,31,27.397,-3.603
291,36,37.962,1.962
292,13,10.757,-2.243
293,54,50.996,-3.004
294,33,31.979,-1.021
295,45,52.456,7.456
296,5,9.288,4.288
297,26,20.672,-5.328
298,24,33.263,9.263
299,39,35.269,-3.731
300,23,21.183,-1.817
301,56,51.706,-4.294
302,42,40.315,-1.685
303,53,50.543,-2.457
304,28,24.664,-3.336
305,17,13.468,-3.532
306,36,38.28,2.28
307,34,32.815,-1.185
308,10,8.233,-1.767
309,70,66.543,-3.457
310,1,-0.334,-1.334
311,12,13.297,1.297
312,26,21.671,-4.329
313,5,9.406,4.406
314,30,26.646,-3.354
315,36,34.984,-1.016
316,-14,-8.552,5.448
317,65,62.536,-2.464
318,49,61.84,12.84
319,54,66.077,12.077
320,34,30.332,-3.668
321,59,61.852,2.852
322,49,47.92,-1.08
323,61,61.819,0.819
324,-2,-3.044,-1.044
325,53,55.436,2.436
326,14,17.174,3.174
327,58,57.359,-0.641
328,33,38.695,5.695
329,46,42.481,-3.519
330,15,24.777,9.777
331,13,12.409,-0.591
332,44,55.212,11.212
333,53,49.09,-3.91
334,28,22.576,-5.424
335,30,26.655,-3.345
336,27,22.82,-4.18
337,16,13.741,-2.259
338,46,40.244,-5.756
339,30,21.185,-8.815
340,37,29.131,-7.869
341,59,55.945,-3.055
342,11,12.817,1.817
343,13,7.899,-5.101
344,30,23.464,-6.536
345,49,46.047,-2.953
346,31,27.554,-3.446
347,42,40.143,-1.857
348,8,4.718,-3.282
349,52,46.941,-5.059
350,34,46.284,12.284
351,13,11.821,-1.179
352,34,32.896,-1.104
353,28,27.063,-0.937
354,64,61.779,-2.221
355,21,20.766,-0.234
356,37,31.073,-5.927
357,4,-1.653,-5.653
358,24,21.189,-2.811
359,56,54.043,-1.957
360,65,62.574,-2.426
361,37,34.439,-2.561
362,42,37.79,-4.21
363,15,29.453,14.453
364,17,34.035,17.035
365,35,35.257,0.257
366,33,29.099,-3.901
367,58,53.331,-4.669
368,47,46.723,-0.277
369,66,65.643,-0.357
370,31,36.158,5.158
371,7,28.701,21.701
372,18,19.14,1.14
