inst#,actual,predicted,error
1,64,67.759,3.759
2,64,69.047,5.047
3,48,60.581,12.581
4,34,30.419,-3.581
5,45,53.636,8.636
6,73,69.047,-3.953
7,28,25.787,-2.213
8,51,48.514,-2.486
9,63,53.542,-9.458
10,17,25.689,8.689
11,73,69.047,-3.953
12,48,43.433,-4.567
13,43,40.344,-2.656
14,70,69.047,-0.953
15,48,44.13,-3.87
16,41,30.419,-10.581
17,69,69.047,0.047
18,48,47.326,-0.674
19,55,47.326,-7.674
20,37,40.344,3.344
21,64,63.598,-0.402
22,62,57.935,-4.065
23,48,54.274,6.274
24,21,25.787,4.787
25,66,69.047,3.047
26,57,57.939,0.939
27,48,56.049,8.049
28,15,17.805,2.805
29,21,25.787,4.787
30,24,25.689,1.689
31,66,63.349,-2.651
32,30,25.787,-4.213
33,27,27.443,0.443
34,64,63.349,-0.651
35,68,63.349,-4.651
36,35,20.426,-14.574
37,33,34.626,1.626
38,15,11.29,-3.71
39,17,25.689,8.689
40,66,63.349,-2.651
41,63,55.212,-7.788
42,54,53.636,-0.364
43,43,41.421,-1.579
44,21,25.787,4.787
45,68,67.759,-0.241
46,30,34.626,4.626
47,54,47.326,-6.674
48,37,34.626,-2.374
49,39,43.433,4.433
50,43,40.95,-2.05
51,28,20.426,-7.574
52,42,37.328,-4.672
53,45,30.419,-14.581
54,51,47.326,-3.674
55,45,47.326,2.326
56,66,69.047,3.047
57,48,42.138,-5.862
58,60,61.081,1.081
59,33,34.626,1.626
60,34,25.787,-8.213
61,24,17.977,-6.023
62,27,25.787,-1.213
63,15,26.629,11.629
64,72,69.36,-2.64
65,66,67.759,1.759
66,53,54.274,1.274
67,27,30.419,3.419
68,26,25.787,-0.213
69,28,20.426,-7.574
70,44,43.433,-0.567
71,62,63.349,1.349
72,57,47.326,-9.674
73,66,63.349,-2.651
74,32,37.328,5.328
75,48,55.212,7.212
76,23,25.787,2.787
77,60,63.349,3.349
78,12,17.705,5.705
79,51,43.433,-7.567
80,51,47.326,-3.674
81,43,44.92,1.92
82,21,16.058,-4.942
83,39,32.455,-6.545
84,71,69.047,-1.953
85,19,11.29,-7.71
86,68,67.759,-0.241
87,59,57.939,-1.061
88,66,63.349,-2.651
89,48,43.433,-4.567
90,69,63.349,-5.651
91,35,44.13,9.13
92,66,69.047,3.047
93,62,53.636,-8.364
94,10,5,-5
95,39,36.396,-2.604
96,28,30.419,2.419
97,26,25.787,-0.213
98,3,11.29,8.29
99,33,34.626,1.626
100,63,64.911,1.911
101,61,63.349,2.349
102,21,25.787,4.787
103,72,69.047,-2.953
104,64,63.349,-0.651
105,64,63.349,-0.651
106,18,11.29,-6.71
107,69,63.349,-5.651
108,57,64.911,7.911
109,21,26.629,5.629
110,30,25.787,-4.213
111,64,63.349,-0.651
112,57,63.349,6.349
113,63,63.598,0.598
114,64,53.636,-10.364
115,69,63.349,-5.651
116,70,69.047,-0.953
117,70,63.349,-6.651
118,32,25.787,-6.213
119,36,40.344,4.344
120,18,25.787,7.787
121,37,42.138,5.138
122,63,63.349,0.349
123,57,56.049,-0.951
124,57,57.935,0.935
125,68,63.598,-4.402
126,70,69.047,-0.953
127,14,11.29,-2.71
128,28,20.426,-7.574
129,18,25.787,7.787
130,32,30.419,-1.581
131,21,25.689,4.689
132,36,26.629,-9.371
133,33,34.626,1.626
134,32,42.138,10.138
135,46,47.326,1.326
136,34,40.998,6.998
137,41,56.047,15.047
138,36,25.787,-10.213
139,42,40.95,-1.05
140,36,42.138,6.138
141,72,69.047,-2.953
142,46,47.326,1.326
143,46,43.433,-2.567
144,54,54.791,0.791
145,70,69.36,-0.64
146,71,67.759,-3.241
147,42,41.421,-0.579
148,72,63.349,-8.651
149,35,34.961,-0.039
150,68,63.349,-4.651
151,10,11.29,1.29
152,66,53.636,-12.364
153,15,17.977,2.977
154,39,42.138,3.138
155,61,63.349,2.349
156,66,67.759,1.759
157,30,25.787,-4.213
158,19,32.455,13.455
159,64,63.349,-0.651
160,43,34.626,-8.374
161,62,63.349,1.349
162,72,63.349,-8.651
163,35,34.626,-0.374
164,30,35.858,5.858
165,18,17.977,-0.023
166,30,44.13,14.13
167,69,69.36,0.36
168,30,37.328,7.328
169,52,43.433,-8.567
170,18,25.787,7.787
171,69,69.047,0.047
172,46,41.421,-4.579
173,63,63.349,0.349
174,57,55.212,-1.788
175,63,56.049,-6.951
176,66,63.598,-2.402
177,51,37.567,-13.433
178,30,34.626,4.626
179,69,63.349,-5.651
180,41,44.92,3.92
181,28,25.787,-2.213
182,55,54.274,-0.726
183,37,44.92,7.92
184,64,63.349,-0.651
185,59,60.698,1.698
186,61,63.349,2.349
187,37,35.645,-1.355
188,72,69.047,-2.953
189,50,54.274,4.274
190,34,37.328,3.328
191,46,43.433,-2.567
192,33,25.787,-7.213
193,24,17.977,-6.023
194,25,26.629,1.629
195,66,63.349,-2.651
196,19,11.29,-7.71
197,68,67.759,-0.241
198,60,47.326,-12.674
199,52,44.92,-7.08
200,63,63.349,0.349
201,37,34.626,-2.374
202,44,47.326,3.326
203,48,53.636,5.636
204,57,54.274,-2.726
205,12,5,-7
206,30,25.787,-4.213
207,68,63.349,-4.651
208,48,40.95,-7.05
209,63,63.349,0.349
210,21,26.629,5.629
211,46,40.344,-5.656
212,48,39.478,-8.522
213,79,69.047,-9.953
214,34,40.998,6.998
215,21,16.058,-4.942
216,48,48.514,0.514
217,55,60.581,5.581
218,35,42.138,7.138
219,27,16.058,-10.942
220,48,40.344,-7.656
221,21,25.787,4.787
222,64,63.349,-0.651
223,57,64.911,7.911
224,62,63.349,1.349
225,37,30.419,-6.581
226,21,17.705,-3.295
227,60,44.13,-15.87
228,70,69.047,-0.953
229,59,57.557,-1.443
230,44,47.326,3.326
231,28,44.13,16.13
232,64,61.081,-2.919
233,28,34.961,6.961
234,50,54.274,4.274
235,43,43.433,0.433
236,43,40.344,-2.656
237,64,63.349,-0.651
238,42,43.433,1.433
239,48,57.935,9.935
240,43,30.419,-12.581
241,62,63.598,1.598
242,8,11.29,3.29
243,48,47.326,-0.674
244,57,63.349,6.349
245,42,34.626,-7.374
246,71,67.759,-3.241
247,64,63.349,-0.651
248,21,30.419,9.419
249,33,34.961,1.961
250,25,30.419,5.419
251,10,25.689,15.689
252,43,44.263,1.263
253,62,56.049,-5.951
254,39,40.998,1.998
255,61,63.349,2.349
256,46,44.263,-1.737
257,39,41.421,2.421
258,34,34.626,0.626
259,23,26.629,3.629
260,41,41.421,0.421
261,37,39.478,2.478
262,46,40.95,-5.05
263,57,63.349,6.349
264,21,25.787,4.787
265,34,26.629,-7.371
266,34,34.626,0.626
267,21,25.689,4.689
268,39,34.626,-4.374
269,53,58.57,5.57
270,30,30.419,0.419
271,21,25.787,4.787
272,37,40.344,3.344
273,34,30.419,-3.581
274,28,27.443,-0.557
275,63,60.698,-2.302
276,10,5,-5
277,50,56.049,6.049
278,45,43.433,-1.567
279,55,63.349,8.349
280,61,63.349,2.349
281,64,69.047,5.047
282,17,11.29,-5.71
283,39,34.626,-4.374
284,34,30.419,-3.581
285,35,34.626,-0.374
286,69,63.598,-5.402
287,39,34.626,-4.374
288,61,55.212,-5.788
289,44,40.344,-3.656
290,37,42.138,5.138
291,53,43.433,-9.567
292,21,26.629,5.629
293,55,57.557,2.557
294,39,40.344,1.344
295,55,54.274,-0.726
296,25,25.689,0.689
297,33,34.626,1.626
298,46,37.567,-8.433
299,44,41.421,-2.579
300,30,34.626,4.626
301,55,63.349,8.349
302,48,47.326,-0.674
303,54,57.557,3.557
304,36,44.13,8.13
305,27,25.787,-1.213
306,48,43.433,-4.567
307,39,48.514,9.514
308,24,17.977,-6.023
309,73,69.047,-3.953
310,9,17.805,8.805
311,28,26.629,-1.371
312,32,34.626,2.626
313,17,22.383,5.383
314,34,44.13,10.13
315,48,44.263,-3.737
316,9,5,-4
317,69,67.759,-1.241
318,66,64.911,-1.089
319,72,64.911,-7.089
320,39,44.92,5.92
321,66,69.047,3.047
322,53,54.791,1.791
323,69,63.349,-5.651
324,3,11.29,8.29
325,66,57.557,-8.443
326,27,25.787,-1.213
327,64,63.349,-0.651
328,43,53.636,10.636
329,52,47.326,-4.674
330,33,32.455,-0.545
331,26,25.787,-0.213
332,64,56.049,-7.951
333,57,57.557,0.557
334,34,34.626,0.626
335,39,34.626,-4.374
336,30,34.626,4.626
337,23,25.787,2.787
338,46,56.049,10.049
339,30,34.626,4.626
340,39,41.421,2.421
341,61,63.349,2.349
342,26,25.689,-0.311
343,21,25.787,4.787
344,36,34.626,-1.374
345,52,54.791,2.791
346,36,42.138,6.138
347,50,47.326,-2.674
348,18,17.977,-0.023
349,57,57.935,0.935
350,54,40.95,-13.05
351,27,26.629,-0.371
352,36,40.95,4.95
353,34,37.328,3.328
354,72,69.36,-2.64
355,30,30.419,0.419
356,37,43.433,6.433
357,12,17.805,5.805
358,30,34.626,4.626
359,60,63.349,3.349
360,66,69.047,3.047
361,39,43.433,4.433
362,46,47.326,1.326
363,37,35.645,-1.355
364,39,35.645,-3.355
365,44,44.92,0.92
366,39,39.478,0.478
367,63,63.349,0.349
368,55,56.049,1.049
369,68,69.047,1.047
370,46,42.138,-3.862
371,39,34.961,-4.039
372,30,25.787,-4.213
