inst#,actual,predicted,error
1,64,66.941,2.941
2,64,66.853,2.853
3,48,54.78,6.78
4,34,31.318,-2.682
5,45,53.072,8.072
6,73,69.957,-3.043
7,28,24.301,-3.699
8,51,49.795,-1.205
9,63,60.55,-2.45
10,17,22.944,5.944
11,73,69.567,-3.433
12,48,48.566,0.566
13,43,40.285,-2.715
14,70,70.455,0.455
15,48,42.044,-5.956
16,41,33.72,-7.28
17,69,69.711,0.711
18,48,52.364,4.364
19,55,49.569,-5.431
20,37,41.054,4.054
21,64,57.918,-6.082
22,62,57.399,-4.601
23,48,52.715,4.715
24,21,23.292,2.292
25,66,69.238,3.238
26,57,60.199,3.199
27,48,56.729,8.729
28,15,13.986,-1.014
29,21,26.737,5.737
30,24,19.649,-4.351
31,66,62.302,-3.698
32,30,27.643,-2.357
33,27,28.014,1.014
34,64,65.009,1.009
35,68,63.497,-4.503
36,35,27.732,-7.268
37,33,36.537,3.537
38,15,13.274,-1.726
39,17,22.855,5.855
40,66,62.769,-3.231
41,63,55.51,-7.49
42,54,52.154,-1.846
43,43,42.336,-0.664
44,21,24.121,3.121
45,68,69.2,1.2
46,30,29.871,-0.129
47,54,50.727,-3.273
48,37,38.074,1.074
49,39,44.391,5.391
50,43,45.64,2.64
51,28,22.701,-5.299
52,42,38.398,-3.602
53,45,35.185,-9.815
54,51,48.551,-2.449
55,45,47.852,2.852
56,66,64.317,-1.683
57,48,42.683,-5.317
58,60,57.45,-2.55
59,33,31.848,-1.152
60,34,26.214,-7.786
61,24,20.939,-3.061
62,27,27.499,0.499
63,15,21.711,6.711
64,72,70.176,-1.824
65,66,69.56,3.56
66,53,51.103,-1.897
67,27,31.857,4.857
68,26,25.689,-0.311
69,28,24.478,-3.522
70,44,45.428,1.428
71,62,63.887,1.887
72,57,54.346,-2.654
73,66,65.147,-0.853
74,32,38.315,6.315
75,48,49.831,1.831
76,23,26.15,3.15
77,60,63.995,3.995
78,12,23.555,11.555
79,51,48.234,-2.766
80,51,43.827,-7.173
81,43,43.545,0.545
82,21,15.836,-5.164
83,39,30.911,-8.089
84,71,72.882,1.882
85,19,13.882,-5.118
86,68,67.193,-0.807
87,59,57.689,-1.311
88,66,65.166,-0.834
89,48,45.649,-2.351
90,69,62.402,-6.598
91,35,42.108,7.108
92,66,66.081,0.081
93,62,49.633,-12.367
94,10,6.31,-3.69
95,39,39.356,0.356
96,28,32.72,4.72
97,26,26.794,0.794
98,3,10.299,7.299
99,33,31.03,-1.97
100,63,61.614,-1.386
101,61,63.245,2.245
102,21,25.335,4.335
103,72,67.71,-4.29
104,64,63.314,-0.686
105,64,60.981,-3.019
106,18,11.02,-6.98
107,69,64.75,-4.25
108,57,60.506,3.506
109,21,26.024,5.024
110,30,29.247,-0.753
111,64,64.108,0.108
112,57,60.735,3.735
113,63,60.904,-2.096
114,64,56.005,-7.995
115,69,63.195,-5.805
116,70,69.825,-0.175
117,70,66.568,-3.432
118,32,27.969,-4.031
119,36,41.38,5.38
120,18,23.507,5.507
121,37,39.398,2.398
122,63,58.105,-4.895
123,57,59.356,2.356
124,57,58.034,1.034
125,68,65.766,-2.234
126,70,71.102,1.102
127,14,12.145,-1.855
128,28,21.266,-6.734
129,18,24.459,6.459
130,32,31.378,-0.622
131,21,22.557,1.557
132,36,26.447,-9.553
133,33,35.332,2.332
134,32,33.072,1.072
135,46,48.142,2.142
136,34,36.515,2.515
137,41,45.511,4.511
138,36,30.386,-5.614
139,42,47.672,5.672
140,36,35.751,-0.249
141,72,70.334,-1.666
142,46,50.512,4.512
143,46,46.489,0.489
144,54,57.335,3.335
145,70,65.756,-4.244
146,71,69.554,-1.446
147,42,39.434,-2.566
148,72,68.067,-3.933
149,35,37.803,2.803
150,68,65.656,-2.344
151,10,9.057,-0.943
152,66,54.745,-11.255
153,15,16.4,1.4
154,39,42.116,3.116
155,61,62.618,1.618
156,66,67.69,1.69
157,30,30.217,0.217
158,19,29.286,10.286
159,64,61.29,-2.71
160,43,39.127,-3.873
161,62,63.762,1.762
162,72,65.664,-6.336
163,35,39.216,4.216
164,30,30.801,0.801
165,18,20.461,2.461
166,30,40.389,10.389
167,69,68.929,-0.071
168,30,40.546,10.546
169,52,48.831,-3.169
170,18,27.61,9.61
171,69,67.848,-1.152
172,46,45.892,-0.108
173,63,62.618,-0.382
174,57,54.227,-2.773
175,63,56.342,-6.658
176,66,63.634,-2.366
177,51,43.538,-7.462
178,30,35.083,5.083
179,69,67.425,-1.575
180,41,41.892,0.892
181,28,26.02,-1.98
182,55,54.91,-0.09
183,37,43.293,6.293
184,64,62.985,-1.015
185,59,61.482,2.482
186,61,60.712,-0.288
187,37,29.404,-7.596
188,72,71.87,-0.13
189,50,50.611,0.611
190,34,39.119,5.119
191,46,44.792,-1.208
192,33,29.636,-3.364
193,24,18.026,-5.974
194,25,24.838,-0.162
195,66,62.051,-3.949
196,19,11.836,-7.164
197,68,65.935,-2.065
198,60,56,-4
199,52,46.006,-5.994
200,63,61.757,-1.243
201,37,37.137,0.137
202,44,48.953,4.953
203,48,49.417,1.417
204,57,55.617,-1.383
205,12,8.262,-3.738
206,30,29.222,-0.778
207,68,66.928,-1.072
208,48,48.369,0.369
209,63,60.367,-2.633
210,21,24.31,3.31
211,46,38.489,-7.511
212,48,42.564,-5.436
213,79,75.401,-3.599
214,34,37.289,3.289
215,21,21.835,0.835
216,48,52.518,4.518
217,55,56.771,1.771
218,35,39.625,4.625
219,27,25.65,-1.35
220,48,41.632,-6.368
221,21,23.181,2.181
222,64,61.409,-2.591
223,57,60.865,3.865
224,62,62.748,0.748
225,37,31.072,-5.928
226,21,22.12,1.12
227,60,47.126,-12.874
228,70,72.103,2.103
229,59,60.03,1.03
230,44,48.82,4.82
231,28,43.377,15.377
232,64,57.898,-6.102
233,28,30.04,2.04
234,50,53.334,3.334
235,43,43.301,0.301
236,43,40.985,-2.015
237,64,63.35,-0.65
238,42,49.522,7.522
239,48,55.403,7.403
240,43,35.363,-7.637
241,62,56.887,-5.113
242,8,12.911,4.911
243,48,48.546,0.546
244,57,61.622,4.622
245,42,38.248,-3.752
246,71,65.935,-5.065
247,64,62.888,-1.112
248,21,33.106,12.106
249,33,35.632,2.632
250,25,35.581,10.581
251,10,18.675,8.675
252,43,42.975,-0.025
253,62,56.453,-5.547
254,39,40.8,1.8
255,61,62.277,1.277
256,46,45.234,-0.766
257,39,41.208,2.208
258,34,35.088,1.088
259,23,25.999,2.999
260,41,42.209,1.209
261,37,43.802,6.802
262,46,46.127,0.127
263,57,61.233,4.233
264,21,26.267,5.267
265,34,32.208,-1.792
266,34,37.737,3.737
267,21,20.566,-0.434
268,39,36.459,-2.541
269,53,56.912,3.912
270,30,32.443,2.443
271,21,23.408,2.408
272,37,40.092,3.092
273,34,30.58,-3.42
274,28,28.901,0.901
275,63,64.175,1.175
276,10,6.714,-3.286
277,50,55.339,5.339
278,45,47.203,2.203
279,55,58.949,3.949
280,61,60.234,-0.766
281,64,66.841,2.841
282,17,15.358,-1.642
283,39,39.05,0.05
284,34,31.157,-2.843
285,35,37.861,2.861
286,69,60.682,-8.318
287,39,39.216,0.216
288,61,55.983,-5.017
289,44,41.242,-2.758
290,37,38.569,1.569
291,53,45.66,-7.34
292,21,28.545,7.545
293,55,60.992,5.992
294,39,43.437,4.437
295,55,52.764,-2.236
296,25,18.653,-6.347
297,33,34.195,1.195
298,46,39.363,-6.637
299,44,43.152,-0.848
300,30,32.274,2.274
301,55,62.629,7.629
302,48,52.267,4.267
303,54,58.733,4.733
304,36,40.662,4.662
305,27,26.85,-0.15
306,48,45.068,-2.932
307,39,41.695,2.695
308,24,19.242,-4.758
309,73,71.846,-1.154
310,9,12.41,3.41
311,28,24.589,-3.411
312,32,33.239,1.239
313,17,18.94,1.94
314,34,42.512,8.512
315,48,45.221,-2.779
316,9,1.679,-7.321
317,69,68.188,-0.812
318,66,61.12,-4.88
319,72,63.632,-8.368
320,39,43.885,4.885
321,66,64.586,-1.414
322,53,58.09,5.09
323,69,66.563,-2.437
324,3,14.352,11.352
325,66,59.602,-6.398
326,27,25.343,-1.657
327,64,62.139,-1.861
328,43,47.084,4.084
329,52,52.61,0.61
330,33,31.11,-1.89
331,26,23.463,-2.537
332,64,55.513,-8.487
333,57,58.432,1.432
334,34,32.586,-1.414
335,39,36.625,-2.375
336,30,36.075,6.075
337,23,24.804,1.804
338,46,53.918,7.918
339,30,35.254,5.254
340,39,39.176,0.176
341,61,63.895,2.895
342,26,23.11,-2.89
343,21,24.055,3.055
344,36,35.204,-0.796
345,52,55.045,3.045
346,36,40.858,4.858
347,50,47.324,-2.676
348,18,18.385,0.385
349,57,58.526,1.526
350,54,45.682,-8.318
351,27,24.81,-2.19
352,36,44.399,8.399
353,34,40.396,6.396
354,72,69.792,-2.208
355,30,32.147,2.147
356,37,47.076,10.076
357,12,11.539,-0.461
358,30,31.513,1.513
359,60,62.88,2.88
360,66,66.703,0.703
361,39,47.515,8.515
362,46,48.834,2.834
363,37,31.298,-5.702
364,39,36.167,-2.833
365,44,43.426,-0.574
366,39,42.973,3.973
367,63,60.442,-2.558
368,55,55.673,0.673
369,68,68.622,0.622
370,46,40.543,-5.457
371,39,27.633,-11.367
372,30,26.83,-3.17
