inst#,actual,predicted,error
1,64,66.878,2.878
2,64,66.87,2.87
3,48,54.676,6.676
4,34,31.408,-2.592
5,45,52.902,7.902
6,73,69.927,-3.073
7,28,24.424,-3.576
8,51,50.002,-0.998
9,63,60.424,-2.576
10,17,23.156,6.156
11,73,69.552,-3.448
12,48,48.239,0.239
13,43,40.543,-2.457
14,70,70.432,0.432
15,48,41.859,-6.141
16,41,33.6,-7.4
17,69,69.649,0.649
18,48,52.313,4.313
19,55,49.472,-5.528
20,37,41.024,4.024
21,64,57.801,-6.199
22,62,57.127,-4.873
23,48,52.819,4.819
24,21,23.615,2.615
25,66,69.214,3.214
26,57,59.917,2.917
27,48,56.554,8.554
28,15,14.517,-0.483
29,21,26.908,5.908
30,24,19.762,-4.238
31,66,62.389,-3.611
32,30,27.909,-2.091
33,27,28.164,1.164
34,64,64.848,0.848
35,68,63.212,-4.788
36,35,27.692,-7.308
37,33,36.835,3.835
38,15,13.38,-1.62
39,17,23.147,6.147
40,66,62.875,-3.125
41,63,55.288,-7.712
42,54,52.003,-1.997
43,43,42.827,-0.173
44,21,24.505,3.505
45,68,68.972,0.972
46,30,30.357,0.357
47,54,50.7,-3.3
48,37,38.315,1.315
49,39,44.56,5.56
50,43,45.845,2.845
51,28,22.779,-5.221
52,42,38.331,-3.669
53,45,35.144,-9.856
54,51,48.666,-2.334
55,45,48.074,3.074
56,66,64.478,-1.522
57,48,42.413,-5.587
58,60,57.541,-2.459
59,33,32.206,-0.794
60,34,26.333,-7.667
61,24,21.19,-2.81
62,27,27.812,0.812
63,15,21.492,6.492
64,72,69.862,-2.138
65,66,69.329,3.329
66,53,51.502,-1.498
67,27,31.83,4.83
68,26,25.857,-0.143
69,28,24.588,-3.412
70,44,45.487,1.487
71,62,63.588,1.588
72,57,54.11,-2.89
73,66,64.996,-1.004
74,32,38.271,6.271
75,48,50.196,2.196
76,23,26.394,3.394
77,60,63.717,3.717
78,12,23.74,11.74
79,51,48.226,-2.774
80,51,44.068,-6.932
81,43,43.597,0.597
82,21,16.115,-4.885
83,39,30.96,-8.04
84,71,72.694,1.694
85,19,14.063,-4.937
86,68,67.105,-0.895
87,59,57.596,-1.404
88,66,65.117,-0.883
89,48,45.695,-2.305
90,69,62.295,-6.705
91,35,41.798,6.798
92,66,66.341,0.341
93,62,49.558,-12.442
94,10,6.584,-3.416
95,39,39.746,0.746
96,28,32.641,4.641
97,26,27.271,1.271
98,3,10.621,7.621
99,33,31.213,-1.787
100,63,61.322,-1.678
101,61,62.985,1.985
102,21,25.675,4.675
103,72,67.731,-4.269
104,64,63.246,-0.754
105,64,60.942,-3.058
106,18,11.235,-6.765
107,69,64.398,-4.602
108,57,60.233,3.233
109,21,26.144,5.144
110,30,29.602,-0.398
111,64,63.796,-0.204
112,57,60.664,3.664
113,63,60.831,-2.169
114,64,55.666,-8.334
115,69,63.218,-5.782
116,70,69.728,-0.272
117,70,66.35,-3.65
118,32,28.346,-3.654
119,36,41.46,5.46
120,18,23.874,5.874
121,37,39.663,2.663
122,63,58.315,-4.685
123,57,59.227,2.227
124,57,57.781,0.781
125,68,65.803,-2.197
126,70,70.984,0.984
127,14,12.544,-1.456
128,28,21.254,-6.746
129,18,24.693,6.693
130,32,31.446,-0.554
131,21,22.682,1.682
132,36,26.439,-9.561
133,33,35.515,2.515
134,32,33.647,1.647
135,46,48.169,2.169
136,34,36.441,2.441
137,41,45.547,4.547
138,36,30.71,-5.29
139,42,47.782,5.782
140,36,36.135,0.135
141,72,70.131,-1.869
142,46,50.441,4.441
143,46,46.484,0.484
144,54,57.188,3.188
145,70,65.306,-4.694
146,71,69.38,-1.62
147,42,39.857,-2.143
148,72,67.814,-4.186
149,35,38.193,3.193
150,68,65.4,-2.6
151,10,9.559,-0.441
152,66,54.483,-11.517
153,15,16.607,1.607
154,39,42.021,3.021
155,61,62.554,1.554
156,66,67.61,1.61
157,30,30.542,0.542
158,19,29.245,10.245
159,64,61.531,-2.469
160,43,39.315,-3.685
161,62,63.611,1.611
162,72,65.622,-6.378
163,35,39.324,4.324
164,30,30.782,0.782
165,18,20.806,2.806
166,30,40.126,10.126
167,69,68.625,-0.375
168,30,40.395,10.395
169,52,48.638,-3.362
170,18,27.989,9.989
171,69,67.88,-1.12
172,46,46.298,0.298
173,63,62.554,-0.446
174,57,54.083,-2.917
175,63,56.226,-6.774
176,66,63.959,-2.041
177,51,43.148,-7.852
178,30,35.189,5.189
179,69,67.211,-1.789
180,41,42.137,1.137
181,28,26.469,-1.531
182,55,55.201,0.201
183,37,43.37,6.37
184,64,63.134,-0.866
185,59,61.122,2.122
186,61,60.868,-0.132
187,37,29.646,-7.354
188,72,71.837,-0.163
189,50,50.946,0.946
190,34,39.092,5.092
191,46,44.834,-1.166
192,33,29.978,-3.022
193,24,18.321,-5.679
194,25,24.945,-0.055
195,66,62.162,-3.838
196,19,11.954,-7.046
197,68,65.97,-2.03
198,60,55.57,-4.43
199,52,45.778,-6.222
200,63,62.017,-0.983
201,37,37.295,0.295
202,44,48.939,4.939
203,48,49.299,1.299
204,57,55.79,-1.21
205,12,8.362,-3.638
206,30,29.532,-0.468
207,68,66.706,-1.294
208,48,48.474,0.474
209,63,60.683,-2.317
210,21,24.048,3.048
211,46,38.614,-7.386
212,48,42.386,-5.614
213,79,75.238,-3.762
214,34,37.243,3.243
215,21,22.293,1.293
216,48,52.681,4.681
217,55,56.696,1.696
218,35,39.82,4.82
219,27,26.214,-0.786
220,48,41.687,-6.313
221,21,23.437,2.437
222,64,61.559,-2.441
223,57,60.59,3.59
224,62,62.48,0.48
225,37,31.13,-5.87
226,21,22.214,1.214
227,60,46.539,-13.461
228,70,71.943,1.943
229,59,59.75,0.75
230,44,48.74,4.74
231,28,43.204,15.204
232,64,57.906,-6.094
233,28,30.152,2.152
234,50,53.626,3.626
235,43,43.592,0.592
236,43,41.136,-1.864
237,64,63.439,-0.561
238,42,49.38,7.38
239,48,55.158,7.158
240,43,35.161,-7.839
241,62,56.823,-5.177
242,8,13.123,5.123
243,48,48.717,0.717
244,57,61.544,4.544
245,42,38.285,-3.715
246,71,65.97,-5.03
247,64,62.902,-1.098
248,21,33.115,12.115
249,33,36.108,3.108
250,25,35.468,10.468
251,10,18.921,8.921
252,43,43.156,0.156
253,62,56.257,-5.743
254,39,40.896,1.896
255,61,62.319,1.319
256,46,45.25,-0.75
257,39,41.618,2.618
258,34,35.138,1.138
259,23,26.074,3.074
260,41,42.577,1.577
261,37,43.773,6.773
262,46,46.452,0.452
263,57,61.169,4.169
264,21,26.521,5.521
265,34,31.964,-2.036
266,34,37.981,3.981
267,21,20.662,-0.338
268,39,36.725,-2.275
269,53,56.52,3.52
270,30,32.344,2.344
271,21,23.594,2.594
272,37,40.306,3.306
273,34,30.574,-3.426
274,28,29.044,1.044
275,63,63.783,0.783
276,10,6.758,-3.242
277,50,55.219,5.219
278,45,47.248,2.248
279,55,59.005,4.005
280,61,60.484,-0.516
281,64,66.972,2.972
282,17,15.505,-1.495
283,39,39.205,0.205
284,34,31.238,-2.762
285,35,37.957,2.957
286,69,60.623,-8.377
287,39,39.324,0.324
288,61,55.723,-5.277
289,44,41.312,-2.688
290,37,38.772,1.772
291,53,45.593,-7.407
292,21,28.363,7.363
293,55,60.84,5.84
294,39,43.467,4.467
295,55,52.959,-2.041
296,25,18.752,-6.248
297,33,34.309,1.309
298,46,39.097,-6.903
299,44,43.546,-0.454
300,30,32.549,2.549
301,55,62.452,7.452
302,48,52.081,4.081
303,54,58.746,4.746
304,36,40.374,4.374
305,27,26.987,-0.013
306,48,45.131,-2.869
307,39,41.999,2.999
308,24,19.54,-4.46
309,73,71.767,-1.233
310,9,12.942,3.942
311,28,24.619,-3.381
312,32,33.54,1.54
313,17,19.32,2.32
314,34,42.345,8.345
315,48,45.078,-2.922
316,9,1.944,-7.056
317,69,68.115,-0.885
318,66,60.865,-5.135
319,72,63.46,-8.54
320,39,43.832,4.832
321,66,64.553,-1.447
322,53,57.869,4.869
323,69,66.401,-2.599
324,3,14.597,11.597
325,66,59.505,-6.495
326,27,25.673,-1.327
327,64,62.17,-1.83
328,43,46.995,3.995
329,52,52.591,0.591
330,33,31.146,-1.854
331,26,23.683,-2.317
332,64,55.336,-8.664
333,57,58.379,1.379
334,34,33.04,-0.96
335,39,36.844,-2.156
336,30,36.298,6.298
337,23,25.25,2.25
338,46,53.866,7.866
339,30,35.63,5.63
340,39,39.681,0.681
341,61,63.81,2.81
342,26,23.275,-2.725
343,21,24.146,3.146
344,36,35.49,-0.51
345,52,55.075,3.075
346,36,40.885,4.885
347,50,47.55,-2.45
348,18,18.678,0.678
349,57,58.337,1.337
350,54,45.762,-8.238
351,27,24.827,-2.173
352,36,44.557,8.557
353,34,40.348,6.348
354,72,69.435,-2.565
355,30,32.299,2.299
356,37,46.998,9.998
357,12,12.135,0.135
358,30,31.919,1.919
359,60,62.679,2.679
360,66,66.823,0.823
361,39,47.513,8.513
362,46,48.912,2.912
363,37,31.434,-5.566
364,39,36.129,-2.871
365,44,43.569,-0.431
366,39,42.882,3.882
367,63,60.52,-2.48
368,55,55.506,0.506
369,68,68.682,0.682
370,46,40.72,-5.28
371,39,27.56,-11.44
372,30,27.239,-2.761

